-12.087868	-126.823563	-27.000000	-17.250000
-11.395696	-126.534776	-26.250000	-17.250000
-11.684483	-125.842604	-26.250000	-16.500000
-10.703524	-126.245989	-25.500000	-17.250000
-10.992311	-125.553817	-25.500000	-16.500000
-11.281098	-124.861645	-25.500000	-15.750000
-11.569885	-124.169473	-25.500000	-15.000000
-10.011352	-125.957202	-24.750000	-17.250000
-10.300139	-125.265030	-24.750000	-16.500000
-10.588926	-124.572858	-24.750000	-15.750000
-10.877713	-123.880686	-24.750000	-15.000000
-11.166500	-123.188514	-24.750000	-14.250000
-9.319180	-125.668415	-24.000000	-17.250000
-9.607967	-124.976243	-24.000000	-16.500000
-9.896754	-124.284071	-24.000000	-15.750000
-10.185541	-123.591899	-24.000000	-15.000000
-10.474328	-122.899727	-24.000000	-14.250000
-10.763115	-122.207555	-24.000000	-13.500000
-11.051902	-121.515383	-24.000000	-12.750000
-8.627008	-125.379628	-23.250000	-17.250000
-8.915795	-124.687456	-23.250000	-16.500000
-9.204582	-123.995284	-23.250000	-15.750000
-9.493369	-123.303112	-23.250000	-15.000000
-9.782156	-122.610940	-23.250000	-14.250000
-10.070943	-121.918768	-23.250000	-13.500000
-10.359730	-121.226596	-23.250000	-12.750000
-10.648517	-120.534424	-23.250000	-12.000000
-10.937304	-119.842252	-23.250000	-11.250000
-7.934836	-125.090841	-22.500000	-17.250000
-8.223623	-124.398669	-22.500000	-16.500000
-8.512410	-123.706497	-22.500000	-15.750000
-8.801197	-123.014325	-22.500000	-15.000000
-9.089984	-122.322153	-22.500000	-14.250000
-9.378771	-121.629981	-22.500000	-13.500000
-9.667558	-120.937809	-22.500000	-12.750000
-9.956345	-120.245637	-22.500000	-12.000000
-10.245132	-119.553465	-22.500000	-11.250000
-10.533919	-118.861293	-22.500000	-10.500000
-7.242664	-124.802054	-21.750000	-17.250000
-7.531451	-124.109882	-21.750000	-16.500000
-7.820238	-123.417710	-21.750000	-15.750000
-8.109025	-122.725538	-21.750000	-15.000000
-8.397812	-122.033366	-21.750000	-14.250000
-8.686599	-121.341194	-21.750000	-13.500000
-8.975386	-120.649022	-21.750000	-12.750000
-9.264173	-119.956850	-21.750000	-12.000000
-9.552960	-119.264678	-21.750000	-11.250000
-9.841747	-118.572506	-21.750000	-10.500000
-10.130534	-117.880334	-21.750000	-9.750000
-10.419321	-117.188162	-21.750000	-9.000000
-6.550492	-124.513267	-21.000000	-17.250000
-6.839279	-123.821095	-21.000000	-16.500000
-7.128066	-123.128923	-21.000000	-15.750000
-7.416853	-122.436751	-21.000000	-15.000000
-7.705640	-121.744579	-21.000000	-14.250000
-7.994427	-121.052407	-21.000000	-13.500000
-8.283214	-120.360235	-21.000000	-12.750000
-8.572001	-119.668063	-21.000000	-12.000000
-8.860788	-118.975891	-21.000000	-11.250000
-9.149575	-118.283719	-21.000000	-10.500000
-9.438362	-117.591547	-21.000000	-9.750000
-9.727149	-116.899375	-21.000000	-9.000000
-10.015936	-116.207203	-21.000000	-8.250000
-5.858320	-124.224480	-20.250000	-17.250000
-6.147107	-123.532308	-20.250000	-16.500000
-6.435894	-122.840136	-20.250000	-15.750000
-6.724681	-122.147964	-20.250000	-15.000000
-7.013468	-121.455792	-20.250000	-14.250000
-7.302255	-120.763620	-20.250000	-13.500000
-7.591042	-120.071448	-20.250000	-12.750000
-7.879829	-119.379276	-20.250000	-12.000000
-8.168616	-118.687104	-20.250000	-11.250000
-8.457403	-117.994932	-20.250000	-10.500000
-8.746190	-117.302760	-20.250000	-9.750000
-9.034977	-116.610588	-20.250000	-9.000000
-9.323764	-115.918416	-20.250000	-8.250000
-9.612551	-115.226244	-20.250000	-7.500000
-9.901338	-114.534072	-20.250000	-6.750000
-5.166148	-123.935693	-19.500000	-17.250000
-5.454935	-123.243521	-19.500000	-16.500000
-5.743722	-122.551349	-19.500000	-15.750000
-6.032509	-121.859177	-19.500000	-15.000000
-6.321296	-121.167005	-19.500000	-14.250000
-6.610083	-120.474833	-19.500000	-13.500000
-6.898870	-119.782661	-19.500000	-12.750000
-7.187657	-119.090489	-19.500000	-12.000000
-7.476444	-118.398317	-19.500000	-11.250000
-7.765231	-117.706145	-19.500000	-10.500000
-8.054018	-117.013973	-19.500000	-9.750000
-8.342805	-116.321801	-19.500000	-9.000000
-8.631592	-115.629629	-19.500000	-8.250000
-8.920379	-114.937457	-19.500000	-7.500000
-9.209166	-114.245285	-19.500000	-6.750000
-9.497953	-113.553113	-19.500000	-6.000000
-9.786740	-112.860941	-19.500000	-5.250000
-4.473976	-123.646906	-18.750000	-17.250000
-4.762763	-122.954734	-18.750000	-16.500000
-5.051550	-122.262562	-18.750000	-15.750000
-5.340337	-121.570390	-18.750000	-15.000000
-5.629124	-120.878218	-18.750000	-14.250000
-5.917911	-120.186046	-18.750000	-13.500000
-6.206698	-119.493874	-18.750000	-12.750000
-6.495485	-118.801702	-18.750000	-12.000000
-6.784272	-118.109530	-18.750000	-11.250000
-7.073059	-117.417358	-18.750000	-10.500000
-7.361846	-116.725186	-18.750000	-9.750000
-7.650633	-116.033014	-18.750000	-9.000000
-7.939420	-115.340842	-18.750000	-8.250000
-8.228207	-114.648670	-18.750000	-7.500000
-8.516994	-113.956498	-18.750000	-6.750000
-8.805781	-113.264326	-18.750000	-6.000000
-9.094568	-112.572154	-18.750000	-5.250000
-9.383355	-111.879982	-18.750000	-4.500000
-3.781804	-123.358119	-18.000000	-17.250000
-4.070591	-122.665947	-18.000000	-16.500000
-4.359378	-121.973775	-18.000000	-15.750000
-4.648165	-121.281603	-18.000000	-15.000000
-4.936952	-120.589431	-18.000000	-14.250000
-5.225739	-119.897259	-18.000000	-13.500000
-5.514526	-119.205087	-18.000000	-12.750000
-5.803313	-118.512915	-18.000000	-12.000000
-6.092100	-117.820743	-18.000000	-11.250000
-6.380887	-117.128571	-18.000000	-10.500000
-6.669674	-116.436399	-18.000000	-9.750000
-6.958461	-115.744227	-18.000000	-9.000000
-7.247248	-115.052055	-18.000000	-8.250000
-7.536035	-114.359883	-18.000000	-7.500000
-7.824822	-113.667711	-18.000000	-6.750000
-8.113609	-112.975539	-18.000000	-6.000000
-8.402396	-112.283367	-18.000000	-5.250000
-8.691183	-111.591195	-18.000000	-4.500000
-8.979970	-110.899023	-18.000000	-3.750000
-9.268757	-110.206851	-18.000000	-3.000000
-3.089632	-123.069332	-17.250000	-17.250000
-3.378419	-122.377160	-17.250000	-16.500000
-3.667206	-121.684988	-17.250000	-15.750000
-3.955993	-120.992816	-17.250000	-15.000000
-4.244780	-120.300644	-17.250000	-14.250000
-4.533567	-119.608472	-17.250000	-13.500000
-4.822354	-118.916300	-17.250000	-12.750000
-5.111141	-118.224128	-17.250000	-12.000000
-5.399928	-117.531956	-17.250000	-11.250000
-5.688715	-116.839784	-17.250000	-10.500000
-5.977502	-116.147612	-17.250000	-9.750000
-6.266289	-115.455440	-17.250000	-9.000000
-6.555076	-114.763268	-17.250000	-8.250000
-6.843863	-114.071096	-17.250000	-7.500000
-7.132650	-113.378924	-17.250000	-6.750000
-7.421437	-112.686752	-17.250000	-6.000000
-7.710224	-111.994580	-17.250000	-5.250000
-7.999011	-111.302408	-17.250000	-4.500000
-8.287798	-110.610236	-17.250000	-3.750000
-8.576585	-109.918064	-17.250000	-3.000000
-8.865372	-109.225892	-17.250000	-2.250000
-2.397460	-122.780545	-16.500000	-17.250000
-2.686247	-122.088373	-16.500000	-16.500000
-2.975034	-121.396201	-16.500000	-15.750000
-3.263821	-120.704029	-16.500000	-15.000000
-3.552608	-120.011857	-16.500000	-14.250000
-3.841395	-119.319685	-16.500000	-13.500000
-4.130182	-118.627513	-16.500000	-12.750000
-4.418969	-117.935341	-16.500000	-12.000000
-4.707756	-117.243169	-16.500000	-11.250000
-4.996543	-116.550997	-16.500000	-10.500000
-5.285330	-115.858825	-16.500000	-9.750000
-5.574117	-115.166653	-16.500000	-9.000000
-5.862904	-114.474481	-16.500000	-8.250000
-6.151691	-113.782309	-16.500000	-7.500000
-6.440478	-113.090137	-16.500000	-6.750000
-6.729265	-112.397965	-16.500000	-6.000000
-7.018052	-111.705793	-16.500000	-5.250000
-7.306839	-111.013621	-16.500000	-4.500000
-7.595626	-110.321449	-16.500000	-3.750000
-7.884413	-109.629277	-16.500000	-3.000000
-8.173200	-108.937105	-16.500000	-2.250000
-8.461987	-108.244933	-16.500000	-1.500000
-8.750774	-107.552761	-16.500000	-0.750000
-1.705288	-122.491758	-15.750000	-17.250000
-1.994075	-121.799586	-15.750000	-16.500000
-2.282862	-121.107414	-15.750000	-15.750000
-2.571649	-120.415242	-15.750000	-15.000000
-2.860436	-119.723070	-15.750000	-14.250000
-3.149223	-119.030898	-15.750000	-13.500000
-3.438010	-118.338726	-15.750000	-12.750000
-3.726797	-117.646554	-15.750000	-12.000000
-4.015584	-116.954382	-15.750000	-11.250000
-4.304371	-116.262210	-15.750000	-10.500000
-4.593158	-115.570038	-15.750000	-9.750000
-4.881945	-114.877866	-15.750000	-9.000000
-5.170732	-114.185694	-15.750000	-8.250000
-5.459519	-113.493522	-15.750000	-7.500000
-5.748306	-112.801350	-15.750000	-6.750000
-6.037093	-112.109178	-15.750000	-6.000000
-6.325880	-111.417006	-15.750000	-5.250000
-6.614667	-110.724834	-15.750000	-4.500000
-6.903454	-110.032662	-15.750000	-3.750000
-7.192241	-109.340490	-15.750000	-3.000000
-7.481028	-108.648318	-15.750000	-2.250000
-7.769815	-107.956146	-15.750000	-1.500000
-8.058602	-107.263974	-15.750000	-0.750000
-8.347389	-106.571802	-15.750000	0.000000
-1.013116	-122.202971	-15.000000	-17.250000
-1.301903	-121.510799	-15.000000	-16.500000
-1.590690	-120.818627	-15.000000	-15.750000
-1.879477	-120.126455	-15.000000	-15.000000
-2.168264	-119.434283	-15.000000	-14.250000
-2.457051	-118.742111	-15.000000	-13.500000
-2.745838	-118.049939	-15.000000	-12.750000
-3.034625	-117.357767	-15.000000	-12.000000
-3.323412	-116.665595	-15.000000	-11.250000
-3.612199	-115.973423	-15.000000	-10.500000
-3.900986	-115.281251	-15.000000	-9.750000
-4.189773	-114.589079	-15.000000	-9.000000
-4.478560	-113.896907	-15.000000	-8.250000
-4.767347	-113.204735	-15.000000	-7.500000
-5.056134	-112.512563	-15.000000	-6.750000
-5.344921	-111.820391	-15.000000	-6.000000
-5.633708	-111.128219	-15.000000	-5.250000
-5.922495	-110.436047	-15.000000	-4.500000
-6.211282	-109.743875	-15.000000	-3.750000
-6.500069	-109.051703	-15.000000	-3.000000
-6.788856	-108.359531	-15.000000	-2.250000
-7.077643	-107.667359	-15.000000	-1.500000
-7.366430	-106.975187	-15.000000	-0.750000
-7.655217	-106.283015	-15.000000	0.000000
-7.944004	-105.590843	-15.000000	0.750000
-8.232791	-104.898671	-15.000000	1.500000
-0.320944	-121.914184	-14.250000	-17.250000
-0.609731	-121.222012	-14.250000	-16.500000
-0.898518	-120.529840	-14.250000	-15.750000
-1.187305	-119.837668	-14.250000	-15.000000
-1.476092	-119.145496	-14.250000	-14.250000
-1.764879	-118.453324	-14.250000	-13.500000
-2.053666	-117.761152	-14.250000	-12.750000
-2.342453	-117.068980	-14.250000	-12.000000
-2.631240	-116.376808	-14.250000	-11.250000
-2.920027	-115.684636	-14.250000	-10.500000
-3.208814	-114.992464	-14.250000	-9.750000
-3.497601	-114.300292	-14.250000	-9.000000
-3.786388	-113.608120	-14.250000	-8.250000
-4.075175	-112.915948	-14.250000	-7.500000
-4.363962	-112.223776	-14.250000	-6.750000
-4.652749	-111.531604	-14.250000	-6.000000
-4.941536	-110.839432	-14.250000	-5.250000
-5.230323	-110.147260	-14.250000	-4.500000
-5.519110	-109.455088	-14.250000	-3.750000
-5.807897	-108.762916	-14.250000	-3.000000
-6.096684	-108.070744	-14.250000	-2.250000
-6.385471	-107.378572	-14.250000	-1.500000
-6.674258	-106.686400	-14.250000	-0.750000
-6.963045	-105.994228	-14.250000	0.000000
-7.251832	-105.302056	-14.250000	0.750000
-7.540619	-104.609884	-14.250000	1.500000
-7.829406	-103.917712	-14.250000	2.250000
-8.118193	-103.225540	-14.250000	3.000000
0.371228	-121.625397	-13.500000	-17.250000
0.082441	-120.933225	-13.500000	-16.500000
-0.206346	-120.241053	-13.500000	-15.750000
-0.495133	-119.548881	-13.500000	-15.000000
-0.783920	-118.856709	-13.500000	-14.250000
-1.072707	-118.164537	-13.500000	-13.500000
-1.361494	-117.472365	-13.500000	-12.750000
-1.650281	-116.780193	-13.500000	-12.000000
-1.939068	-116.088021	-13.500000	-11.250000
-2.227855	-115.395849	-13.500000	-10.500000
-2.516642	-114.703677	-13.500000	-9.750000
-2.805429	-114.011505	-13.500000	-9.000000
-3.094216	-113.319333	-13.500000	-8.250000
-3.383003	-112.627161	-13.500000	-7.500000
-3.671790	-111.934989	-13.500000	-6.750000
-3.960577	-111.242817	-13.500000	-6.000000
-4.249364	-110.550645	-13.500000	-5.250000
-4.538151	-109.858473	-13.500000	-4.500000
-4.826938	-109.166301	-13.500000	-3.750000
-5.115725	-108.474129	-13.500000	-3.000000
-5.404512	-107.781957	-13.500000	-2.250000
-5.693299	-107.089785	-13.500000	-1.500000
-5.982086	-106.397613	-13.500000	-0.750000
-6.270873	-105.705441	-13.500000	0.000000
-6.559660	-105.013269	-13.500000	0.750000
-6.848447	-104.321097	-13.500000	1.500000
-7.137234	-103.628925	-13.500000	2.250000
-7.426021	-102.936753	-13.500000	3.000000
-7.714808	-102.244581	-13.500000	3.750000
1.063400	-121.336610	-12.750000	-17.250000
0.774613	-120.644438	-12.750000	-16.500000
0.485826	-119.952266	-12.750000	-15.750000
0.197039	-119.260094	-12.750000	-15.000000
-0.091748	-118.567922	-12.750000	-14.250000
-0.380535	-117.875750	-12.750000	-13.500000
-0.669322	-117.183578	-12.750000	-12.750000
-0.958109	-116.491406	-12.750000	-12.000000
-1.246896	-115.799234	-12.750000	-11.250000
-1.535683	-115.107062	-12.750000	-10.500000
-1.824470	-114.414890	-12.750000	-9.750000
-2.113257	-113.722718	-12.750000	-9.000000
-2.402044	-113.030546	-12.750000	-8.250000
-2.690831	-112.338374	-12.750000	-7.500000
-2.979618	-111.646202	-12.750000	-6.750000
-3.268405	-110.954030	-12.750000	-6.000000
-3.557192	-110.261858	-12.750000	-5.250000
-3.845979	-109.569686	-12.750000	-4.500000
-4.134766	-108.877514	-12.750000	-3.750000
-4.423553	-108.185342	-12.750000	-3.000000
-4.712340	-107.493170	-12.750000	-2.250000
-5.001127	-106.800998	-12.750000	-1.500000
-5.289914	-106.108826	-12.750000	-0.750000
-5.578701	-105.416654	-12.750000	0.000000
-5.867488	-104.724482	-12.750000	0.750000
-6.156275	-104.032310	-12.750000	1.500000
-6.445062	-103.340138	-12.750000	2.250000
-6.733849	-102.647966	-12.750000	3.000000
-7.022636	-101.955794	-12.750000	3.750000
-7.311423	-101.263622	-12.750000	4.500000
-7.600210	-100.571450	-12.750000	5.250000
1.755572	-121.047823	-12.000000	-17.250000
1.466785	-120.355651	-12.000000	-16.500000
1.177998	-119.663479	-12.000000	-15.750000
0.889211	-118.971307	-12.000000	-15.000000
0.600424	-118.279135	-12.000000	-14.250000
0.311637	-117.586963	-12.000000	-13.500000
0.022850	-116.894791	-12.000000	-12.750000
-0.265937	-116.202619	-12.000000	-12.000000
-0.554724	-115.510447	-12.000000	-11.250000
-0.843511	-114.818275	-12.000000	-10.500000
-1.132298	-114.126103	-12.000000	-9.750000
-1.421085	-113.433931	-12.000000	-9.000000
-1.709872	-112.741759	-12.000000	-8.250000
-1.998659	-112.049587	-12.000000	-7.500000
-2.287446	-111.357415	-12.000000	-6.750000
-2.576233	-110.665243	-12.000000	-6.000000
-2.865020	-109.973071	-12.000000	-5.250000
-3.153807	-109.280899	-12.000000	-4.500000
-3.442594	-108.588727	-12.000000	-3.750000
-3.731381	-107.896555	-12.000000	-3.000000
-4.020168	-107.204383	-12.000000	-2.250000
-4.308955	-106.512211	-12.000000	-1.500000
-4.597742	-105.820039	-12.000000	-0.750000
-4.886529	-105.127867	-12.000000	0.000000
-5.175316	-104.435695	-12.000000	0.750000
-5.464103	-103.743523	-12.000000	1.500000
-5.752890	-103.051351	-12.000000	2.250000
-6.041677	-102.359179	-12.000000	3.000000
-6.330464	-101.667007	-12.000000	3.750000
-6.619251	-100.974835	-12.000000	4.500000
-6.908038	-100.282663	-12.000000	5.250000
-7.196825	-99.590491	-12.000000	6.000000
2.447744	-120.759036	-11.250000	-17.250000
2.158957	-120.066864	-11.250000	-16.500000
1.870170	-119.374692	-11.250000	-15.750000
1.581383	-118.682520	-11.250000	-15.000000
1.292596	-117.990348	-11.250000	-14.250000
1.003809	-117.298176	-11.250000	-13.500000
0.715022	-116.606004	-11.250000	-12.750000
0.426235	-115.913832	-11.250000	-12.000000
0.137448	-115.221660	-11.250000	-11.250000
-0.151339	-114.529488	-11.250000	-10.500000
-0.440126	-113.837316	-11.250000	-9.750000
-0.728913	-113.145144	-11.250000	-9.000000
-1.017700	-112.452972	-11.250000	-8.250000
-1.306487	-111.760800	-11.250000	-7.500000
-1.595274	-111.068628	-11.250000	-6.750000
-1.884061	-110.376456	-11.250000	-6.000000
-2.172848	-109.684284	-11.250000	-5.250000
-2.461635	-108.992112	-11.250000	-4.500000
-2.750422	-108.299940	-11.250000	-3.750000
-3.039209	-107.607768	-11.250000	-3.000000
-3.327996	-106.915596	-11.250000	-2.250000
-3.616783	-106.223424	-11.250000	-1.500000
-3.905570	-105.531252	-11.250000	-0.750000
-4.194357	-104.839080	-11.250000	0.000000
-4.483144	-104.146908	-11.250000	0.750000
-4.771931	-103.454736	-11.250000	1.500000
-5.060718	-102.762564	-11.250000	2.250000
-5.349505	-102.070392	-11.250000	3.000000
-5.638292	-101.378220	-11.250000	3.750000
-5.927079	-100.686048	-11.250000	4.500000
-6.215866	-99.993876	-11.250000	5.250000
-6.504653	-99.301704	-11.250000	6.000000
-6.793440	-98.609532	-11.250000	6.750000
-7.082227	-97.917360	-11.250000	7.500000
3.139916	-120.470249	-10.500000	-17.250000
2.851129	-119.778077	-10.500000	-16.500000
2.562342	-119.085905	-10.500000	-15.750000
2.273555	-118.393733	-10.500000	-15.000000
1.984768	-117.701561	-10.500000	-14.250000
1.695981	-117.009389	-10.500000	-13.500000
1.407194	-116.317217	-10.500000	-12.750000
1.118407	-115.625045	-10.500000	-12.000000
0.829620	-114.932873	-10.500000	-11.250000
0.540833	-114.240701	-10.500000	-10.500000
0.252046	-113.548529	-10.500000	-9.750000
-0.036741	-112.856357	-10.500000	-9.000000
-0.325528	-112.164185	-10.500000	-8.250000
-0.614315	-111.472013	-10.500000	-7.500000
-0.903102	-110.779841	-10.500000	-6.750000
-1.191889	-110.087669	-10.500000	-6.000000
-1.480676	-109.395497	-10.500000	-5.250000
-1.769463	-108.703325	-10.500000	-4.500000
-2.058250	-108.011153	-10.500000	-3.750000
-2.347037	-107.318981	-10.500000	-3.000000
-2.635824	-106.626809	-10.500000	-2.250000
-2.924611	-105.934637	-10.500000	-1.500000
-3.213398	-105.242465	-10.500000	-0.750000
-3.502185	-104.550293	-10.500000	0.000000
-3.790972	-103.858121	-10.500000	0.750000
-4.079759	-103.165949	-10.500000	1.500000
-4.368546	-102.473777	-10.500000	2.250000
-4.657333	-101.781605	-10.500000	3.000000
-4.946120	-101.089433	-10.500000	3.750000
-5.234907	-100.397261	-10.500000	4.500000
-5.523694	-99.705089	-10.500000	5.250000
-5.812481	-99.012917	-10.500000	6.000000
-6.101268	-98.320745	-10.500000	6.750000
-6.390055	-97.628573	-10.500000	7.500000
-6.678842	-96.936401	-10.500000	8.250000
-6.967629	-96.244229	-10.500000	9.000000
3.832088	-120.181462	-9.750000	-17.250000
3.543301	-119.489290	-9.750000	-16.500000
3.254514	-118.797118	-9.750000	-15.750000
2.965727	-118.104946	-9.750000	-15.000000
2.676940	-117.412774	-9.750000	-14.250000
2.388153	-116.720602	-9.750000	-13.500000
2.099366	-116.028430	-9.750000	-12.750000
1.810579	-115.336258	-9.750000	-12.000000
1.521792	-114.644086	-9.750000	-11.250000
1.233005	-113.951914	-9.750000	-10.500000
0.944218	-113.259742	-9.750000	-9.750000
0.655431	-112.567570	-9.750000	-9.000000
0.366644	-111.875398	-9.750000	-8.250000
0.077857	-111.183226	-9.750000	-7.500000
-0.210930	-110.491054	-9.750000	-6.750000
-0.499717	-109.798882	-9.750000	-6.000000
-0.788504	-109.106710	-9.750000	-5.250000
-1.077291	-108.414538	-9.750000	-4.500000
-1.366078	-107.722366	-9.750000	-3.750000
-1.654865	-107.030194	-9.750000	-3.000000
-1.943652	-106.338022	-9.750000	-2.250000
-2.232439	-105.645850	-9.750000	-1.500000
-2.521226	-104.953678	-9.750000	-0.750000
-2.810013	-104.261506	-9.750000	0.000000
-3.098800	-103.569334	-9.750000	0.750000
-3.387587	-102.877162	-9.750000	1.500000
-3.676374	-102.184990	-9.750000	2.250000
-3.965161	-101.492818	-9.750000	3.000000
-4.253948	-100.800646	-9.750000	3.750000
-4.542735	-100.108474	-9.750000	4.500000
-4.831522	-99.416302	-9.750000	5.250000
-5.120309	-98.724130	-9.750000	6.000000
-5.409096	-98.031958	-9.750000	6.750000
-5.697883	-97.339786	-9.750000	7.500000
-5.986670	-96.647614	-9.750000	8.250000
-6.275457	-95.955442	-9.750000	9.000000
-6.564244	-95.263270	-9.750000	9.750000
4.524260	-119.892675	-9.000000	-17.250000
4.235473	-119.200503	-9.000000	-16.500000
3.946686	-118.508331	-9.000000	-15.750000
3.657899	-117.816159	-9.000000	-15.000000
3.369112	-117.123987	-9.000000	-14.250000
3.080325	-116.431815	-9.000000	-13.500000
2.791538	-115.739643	-9.000000	-12.750000
2.502751	-115.047471	-9.000000	-12.000000
2.213964	-114.355299	-9.000000	-11.250000
1.925177	-113.663127	-9.000000	-10.500000
1.636390	-112.970955	-9.000000	-9.750000
1.347603	-112.278783	-9.000000	-9.000000
1.058816	-111.586611	-9.000000	-8.250000
0.770029	-110.894439	-9.000000	-7.500000
0.481242	-110.202267	-9.000000	-6.750000
0.192455	-109.510095	-9.000000	-6.000000
-0.096332	-108.817923	-9.000000	-5.250000
-0.385119	-108.125751	-9.000000	-4.500000
-0.673906	-107.433579	-9.000000	-3.750000
-0.962693	-106.741407	-9.000000	-3.000000
-1.251480	-106.049235	-9.000000	-2.250000
-1.540267	-105.357063	-9.000000	-1.500000
-1.829054	-104.664891	-9.000000	-0.750000
-2.117841	-103.972719	-9.000000	0.000000
-2.406628	-103.280547	-9.000000	0.750000
-2.695415	-102.588375	-9.000000	1.500000
-2.984202	-101.896203	-9.000000	2.250000
-3.272989	-101.204031	-9.000000	3.000000
-3.561776	-100.511859	-9.000000	3.750000
-3.850563	-99.819687	-9.000000	4.500000
-4.139350	-99.127515	-9.000000	5.250000
-4.428137	-98.435343	-9.000000	6.000000
-4.716924	-97.743171	-9.000000	6.750000
-5.005711	-97.050999	-9.000000	7.500000
-5.294498	-96.358827	-9.000000	8.250000
-5.583285	-95.666655	-9.000000	9.000000
-5.872072	-94.974484	-9.000000	9.750000
-6.160859	-94.282312	-9.000000	10.500000
-6.449646	-93.590140	-9.000000	11.250000
5.216432	-119.603888	-8.250000	-17.250000
4.927645	-118.911716	-8.250000	-16.500000
4.638858	-118.219544	-8.250000	-15.750000
4.350071	-117.527372	-8.250000	-15.000000
4.061284	-116.835200	-8.250000	-14.250000
3.772497	-116.143028	-8.250000	-13.500000
3.483710	-115.450856	-8.250000	-12.750000
3.194923	-114.758684	-8.250000	-12.000000
2.906136	-114.066512	-8.250000	-11.250000
2.617349	-113.374340	-8.250000	-10.500000
2.328562	-112.682168	-8.250000	-9.750000
2.039775	-111.989996	-8.250000	-9.000000
1.750988	-111.297824	-8.250000	-8.250000
1.462201	-110.605652	-8.250000	-7.500000
1.173414	-109.913480	-8.250000	-6.750000
0.884627	-109.221308	-8.250000	-6.000000
0.595840	-108.529136	-8.250000	-5.250000
0.307053	-107.836964	-8.250000	-4.500000
0.018266	-107.144792	-8.250000	-3.750000
-0.270521	-106.452620	-8.250000	-3.000000
-0.559308	-105.760448	-8.250000	-2.250000
-0.848095	-105.068276	-8.250000	-1.500000
-1.136882	-104.376104	-8.250000	-0.750000
-1.425669	-103.683932	-8.250000	0.000000
-1.714456	-102.991760	-8.250000	0.750000
-2.003243	-102.299588	-8.250000	1.500000
-2.292030	-101.607416	-8.250000	2.250000
-2.580817	-100.915244	-8.250000	3.000000
-2.869604	-100.223072	-8.250000	3.750000
-3.158391	-99.530900	-8.250000	4.500000
-3.447178	-98.838728	-8.250000	5.250000
-3.735965	-98.146556	-8.250000	6.000000
-4.024752	-97.454384	-8.250000	6.750000
-4.313539	-96.762213	-8.250000	7.500000
-4.602326	-96.070041	-8.250000	8.250000
-4.891113	-95.377869	-8.250000	9.000000
-5.179900	-94.685697	-8.250000	9.750000
-5.468687	-93.993525	-8.250000	10.500000
-5.757474	-93.301353	-8.250000	11.250000
-6.046261	-92.609181	-8.250000	12.000000
5.908604	-119.315101	-7.500000	-17.250000
5.619817	-118.622929	-7.500000	-16.500000
5.331030	-117.930757	-7.500000	-15.750000
5.042243	-117.238585	-7.500000	-15.000000
4.753456	-116.546413	-7.500000	-14.250000
4.464669	-115.854241	-7.500000	-13.500000
4.175882	-115.162069	-7.500000	-12.750000
3.887095	-114.469897	-7.500000	-12.000000
3.598308	-113.777725	-7.500000	-11.250000
3.309521	-113.085553	-7.500000	-10.500000
3.020734	-112.393381	-7.500000	-9.750000
2.731947	-111.701209	-7.500000	-9.000000
2.443160	-111.009037	-7.500000	-8.250000
2.154373	-110.316865	-7.500000	-7.500000
1.865586	-109.624693	-7.500000	-6.750000
1.576799	-108.932521	-7.500000	-6.000000
1.288012	-108.240349	-7.500000	-5.250000
0.999225	-107.548177	-7.500000	-4.500000
0.710438	-106.856005	-7.500000	-3.750000
0.421651	-106.163833	-7.500000	-3.000000
0.132864	-105.471661	-7.500000	-2.250000
-0.155923	-104.779489	-7.500000	-1.500000
-0.444710	-104.087317	-7.500000	-0.750000
-0.733497	-103.395145	-7.500000	0.000000
-1.022284	-102.702973	-7.500000	0.750000
-1.311071	-102.010801	-7.500000	1.500000
-1.599858	-101.318629	-7.500000	2.250000
-1.888645	-100.626457	-7.500000	3.000000
-2.177432	-99.934285	-7.500000	3.750000
-2.466219	-99.242113	-7.500000	4.500000
-2.755006	-98.549941	-7.500000	5.250000
-3.043793	-97.857770	-7.500000	6.000000
-3.332580	-97.165598	-7.500000	6.750000
-3.621367	-96.473426	-7.500000	7.500000
-3.910154	-95.781254	-7.500000	8.250000
-4.198941	-95.089082	-7.500000	9.000000
-4.487728	-94.396910	-7.500000	9.750000
-4.776515	-93.704738	-7.500000	10.500000
-5.065302	-93.012566	-7.500000	11.250000
-5.354089	-92.320394	-7.500000	12.000000
-5.642876	-91.628222	-7.500000	12.750000
6.600776	-119.026314	-6.750000	-17.250000
6.311989	-118.334142	-6.750000	-16.500000
6.023202	-117.641970	-6.750000	-15.750000
5.734415	-116.949798	-6.750000	-15.000000
5.445628	-116.257626	-6.750000	-14.250000
5.156841	-115.565454	-6.750000	-13.500000
4.868054	-114.873282	-6.750000	-12.750000
4.579267	-114.181110	-6.750000	-12.000000
4.290480	-113.488938	-6.750000	-11.250000
4.001693	-112.796766	-6.750000	-10.500000
3.712906	-112.104594	-6.750000	-9.750000
3.424119	-111.412422	-6.750000	-9.000000
3.135332	-110.720250	-6.750000	-8.250000
2.846545	-110.028078	-6.750000	-7.500000
2.557758	-109.335906	-6.750000	-6.750000
2.268971	-108.643734	-6.750000	-6.000000
1.980184	-107.951562	-6.750000	-5.250000
1.691397	-107.259390	-6.750000	-4.500000
1.402610	-106.567218	-6.750000	-3.750000
1.113823	-105.875046	-6.750000	-3.000000
0.825036	-105.182874	-6.750000	-2.250000
0.536249	-104.490702	-6.750000	-1.500000
0.247462	-103.798530	-6.750000	-0.750000
-0.041325	-103.106358	-6.750000	0.000000
-0.330112	-102.414186	-6.750000	0.750000
-0.618899	-101.722014	-6.750000	1.500000
-0.907686	-101.029842	-6.750000	2.250000
-1.196473	-100.337670	-6.750000	3.000000
-1.485260	-99.645499	-6.750000	3.750000
-1.774047	-98.953327	-6.750000	4.500000
-2.062834	-98.261155	-6.750000	5.250000
-2.351621	-97.568983	-6.750000	6.000000
-2.640408	-96.876811	-6.750000	6.750000
-2.929195	-96.184639	-6.750000	7.500000
-3.217982	-95.492467	-6.750000	8.250000
-3.506769	-94.800295	-6.750000	9.000000
-3.795556	-94.108123	-6.750000	9.750000
-4.084343	-93.415951	-6.750000	10.500000
-4.373130	-92.723779	-6.750000	11.250000
-4.661917	-92.031607	-6.750000	12.000000
-4.950704	-91.339435	-6.750000	12.750000
7.292948	-118.737527	-6.000000	-17.250000
7.004161	-118.045355	-6.000000	-16.500000
6.715374	-117.353183	-6.000000	-15.750000
6.426587	-116.661011	-6.000000	-15.000000
6.137800	-115.968839	-6.000000	-14.250000
5.849013	-115.276667	-6.000000	-13.500000
5.560226	-114.584495	-6.000000	-12.750000
5.271439	-113.892323	-6.000000	-12.000000
4.982652	-113.200151	-6.000000	-11.250000
4.693865	-112.507979	-6.000000	-10.500000
4.405078	-111.815807	-6.000000	-9.750000
4.116291	-111.123635	-6.000000	-9.000000
3.827504	-110.431463	-6.000000	-8.250000
3.538717	-109.739291	-6.000000	-7.500000
3.249930	-109.047119	-6.000000	-6.750000
2.961143	-108.354947	-6.000000	-6.000000
2.672356	-107.662775	-6.000000	-5.250000
2.383569	-106.970603	-6.000000	-4.500000
2.094782	-106.278431	-6.000000	-3.750000
1.805995	-105.586259	-6.000000	-3.000000
1.517208	-104.894087	-6.000000	-2.250000
1.228421	-104.201915	-6.000000	-1.500000
0.939634	-103.509743	-6.000000	-0.750000
0.650847	-102.817571	-6.000000	0.000000
0.362060	-102.125399	-6.000000	0.750000
0.073273	-101.433227	-6.000000	1.500000
-0.215514	-100.741056	-6.000000	2.250000
-0.504301	-100.048884	-6.000000	3.000000
-0.793088	-99.356712	-6.000000	3.750000
-1.081875	-98.664540	-6.000000	4.500000
-1.370662	-97.972368	-6.000000	5.250000
-1.659449	-97.280196	-6.000000	6.000000
-1.948236	-96.588024	-6.000000	6.750000
-2.237023	-95.895852	-6.000000	7.500000
-2.525810	-95.203680	-6.000000	8.250000
-2.814597	-94.511508	-6.000000	9.000000
-3.103384	-93.819336	-6.000000	9.750000
-3.392171	-93.127164	-6.000000	10.500000
-3.680958	-92.434992	-6.000000	11.250000
-3.969745	-91.742820	-6.000000	12.000000
-4.258532	-91.050648	-6.000000	12.750000
7.985120	-118.448740	-5.250000	-17.250000
7.696333	-117.756568	-5.250000	-16.500000
7.407546	-117.064396	-5.250000	-15.750000
7.118759	-116.372224	-5.250000	-15.000000
6.829972	-115.680052	-5.250000	-14.250000
6.541185	-114.987880	-5.250000	-13.500000
6.252398	-114.295708	-5.250000	-12.750000
5.963611	-113.603536	-5.250000	-12.000000
5.674824	-112.911364	-5.250000	-11.250000
5.386037	-112.219192	-5.250000	-10.500000
5.097250	-111.527020	-5.250000	-9.750000
4.808463	-110.834848	-5.250000	-9.000000
4.519676	-110.142676	-5.250000	-8.250000
4.230889	-109.450504	-5.250000	-7.500000
3.942102	-108.758332	-5.250000	-6.750000
3.653315	-108.066160	-5.250000	-6.000000
3.364528	-107.373988	-5.250000	-5.250000
3.075741	-106.681816	-5.250000	-4.500000
2.786954	-105.989644	-5.250000	-3.750000
2.498167	-105.297472	-5.250000	-3.000000
2.209380	-104.605300	-5.250000	-2.250000
1.920593	-103.913128	-5.250000	-1.500000
1.631806	-103.220956	-5.250000	-0.750000
1.343019	-102.528785	-5.250000	0.000000
1.054232	-101.836613	-5.250000	0.750000
0.765445	-101.144441	-5.250000	1.500000
0.476658	-100.452269	-5.250000	2.250000
0.187871	-99.760097	-5.250000	3.000000
-0.100916	-99.067925	-5.250000	3.750000
-0.389703	-98.375753	-5.250000	4.500000
-0.678490	-97.683581	-5.250000	5.250000
-0.967277	-96.991409	-5.250000	6.000000
-1.256064	-96.299237	-5.250000	6.750000
-1.544851	-95.607065	-5.250000	7.500000
-1.833638	-94.914893	-5.250000	8.250000
-2.122425	-94.222721	-5.250000	9.000000
-2.411212	-93.530549	-5.250000	9.750000
-2.699999	-92.838377	-5.250000	10.500000
-2.988786	-92.146205	-5.250000	11.250000
-3.277573	-91.454033	-5.250000	12.000000
-3.566360	-90.761861	-5.250000	12.750000
-3.855147	-90.069689	-5.250000	13.500000
8.677292	-118.159953	-4.500000	-17.250000
8.388505	-117.467781	-4.500000	-16.500000
8.099718	-116.775609	-4.500000	-15.750000
7.810931	-116.083437	-4.500000	-15.000000
7.522144	-115.391265	-4.500000	-14.250000
7.233357	-114.699093	-4.500000	-13.500000
6.944570	-114.006921	-4.500000	-12.750000
6.655783	-113.314749	-4.500000	-12.000000
6.366996	-112.622577	-4.500000	-11.250000
6.078209	-111.930405	-4.500000	-10.500000
5.789422	-111.238233	-4.500000	-9.750000
5.500635	-110.546061	-4.500000	-9.000000
5.211848	-109.853889	-4.500000	-8.250000
4.923061	-109.161717	-4.500000	-7.500000
4.634274	-108.469545	-4.500000	-6.750000
4.345487	-107.777373	-4.500000	-6.000000
4.056700	-107.085201	-4.500000	-5.250000
3.767913	-106.393029	-4.500000	-4.500000
3.479126	-105.700857	-4.500000	-3.750000
3.190339	-105.008685	-4.500000	-3.000000
2.901552	-104.316513	-4.500000	-2.250000
2.612765	-103.624342	-4.500000	-1.500000
2.323978	-102.932170	-4.500000	-0.750000
2.035191	-102.239998	-4.500000	0.000000
1.746404	-101.547826	-4.500000	0.750000
1.457617	-100.855654	-4.500000	1.500000
1.168830	-100.163482	-4.500000	2.250000
0.880043	-99.471310	-4.500000	3.000000
0.591256	-98.779138	-4.500000	3.750000
0.302469	-98.086966	-4.500000	4.500000
0.013682	-97.394794	-4.500000	5.250000
-0.275105	-96.702622	-4.500000	6.000000
-0.563892	-96.010450	-4.500000	6.750000
-0.852679	-95.318278	-4.500000	7.500000
-1.141466	-94.626106	-4.500000	8.250000
-1.430253	-93.933934	-4.500000	9.000000
-1.719040	-93.241762	-4.500000	9.750000
-2.007827	-92.549590	-4.500000	10.500000
-2.296614	-91.857418	-4.500000	11.250000
-2.585401	-91.165246	-4.500000	12.000000
-2.874188	-90.473074	-4.500000	12.750000
-3.162975	-89.780902	-4.500000	13.500000
9.369464	-117.871166	-3.750000	-17.250000
9.080677	-117.178994	-3.750000	-16.500000
8.791890	-116.486822	-3.750000	-15.750000
8.503103	-115.794650	-3.750000	-15.000000
8.214316	-115.102478	-3.750000	-14.250000
7.925529	-114.410306	-3.750000	-13.500000
7.636742	-113.718134	-3.750000	-12.750000
7.347955	-113.025962	-3.750000	-12.000000
7.059168	-112.333790	-3.750000	-11.250000
6.770381	-111.641618	-3.750000	-10.500000
6.481594	-110.949446	-3.750000	-9.750000
6.192807	-110.257274	-3.750000	-9.000000
5.904020	-109.565102	-3.750000	-8.250000
5.615233	-108.872930	-3.750000	-7.500000
5.326446	-108.180758	-3.750000	-6.750000
5.037659	-107.488586	-3.750000	-6.000000
4.748872	-106.796414	-3.750000	-5.250000
4.460085	-106.104242	-3.750000	-4.500000
4.171298	-105.412071	-3.750000	-3.750000
3.882511	-104.719899	-3.750000	-3.000000
3.593724	-104.027727	-3.750000	-2.250000
3.304937	-103.335555	-3.750000	-1.500000
3.016150	-102.643383	-3.750000	-0.750000
2.727363	-101.951211	-3.750000	0.000000
2.438576	-101.259039	-3.750000	0.750000
2.149789	-100.566867	-3.750000	1.500000
1.861002	-99.874695	-3.750000	2.250000
1.572215	-99.182523	-3.750000	3.000000
1.283428	-98.490351	-3.750000	3.750000
0.994641	-97.798179	-3.750000	4.500000
0.705854	-97.106007	-3.750000	5.250000
0.417067	-96.413835	-3.750000	6.000000
0.128280	-95.721663	-3.750000	6.750000
-0.160507	-95.029491	-3.750000	7.500000
-0.449294	-94.337319	-3.750000	8.250000
-0.738081	-93.645147	-3.750000	9.000000
-1.026868	-92.952975	-3.750000	9.750000
-1.315655	-92.260803	-3.750000	10.500000
-1.604442	-91.568631	-3.750000	11.250000
-1.893229	-90.876459	-3.750000	12.000000
-2.182016	-90.184287	-3.750000	12.750000
-2.470803	-89.492115	-3.750000	13.500000
10.061636	-117.582379	-3.000000	-17.250000
9.772849	-116.890207	-3.000000	-16.500000
9.484062	-116.198035	-3.000000	-15.750000
9.195275	-115.505863	-3.000000	-15.000000
8.906488	-114.813691	-3.000000	-14.250000
8.617701	-114.121519	-3.000000	-13.500000
8.328914	-113.429347	-3.000000	-12.750000
8.040127	-112.737175	-3.000000	-12.000000
7.751340	-112.045003	-3.000000	-11.250000
7.462553	-111.352831	-3.000000	-10.500000
7.173766	-110.660659	-3.000000	-9.750000
6.884979	-109.968487	-3.000000	-9.000000
6.596192	-109.276315	-3.000000	-8.250000
6.307405	-108.584143	-3.000000	-7.500000
6.018618	-107.891971	-3.000000	-6.750000
5.729831	-107.199799	-3.000000	-6.000000
5.441044	-106.507628	-3.000000	-5.250000
5.152257	-105.815456	-3.000000	-4.500000
4.863470	-105.123284	-3.000000	-3.750000
4.574683	-104.431112	-3.000000	-3.000000
4.285896	-103.738940	-3.000000	-2.250000
3.997109	-103.046768	-3.000000	-1.500000
3.708322	-102.354596	-3.000000	-0.750000
3.419535	-101.662424	-3.000000	0.000000
3.130748	-100.970252	-3.000000	0.750000
2.841961	-100.278080	-3.000000	1.500000
2.553174	-99.585908	-3.000000	2.250000
2.264387	-98.893736	-3.000000	3.000000
1.975600	-98.201564	-3.000000	3.750000
1.686813	-97.509392	-3.000000	4.500000
1.398026	-96.817220	-3.000000	5.250000
1.109239	-96.125048	-3.000000	6.000000
0.820452	-95.432876	-3.000000	6.750000
0.531665	-94.740704	-3.000000	7.500000
0.242878	-94.048532	-3.000000	8.250000
-0.045909	-93.356360	-3.000000	9.000000
-0.334696	-92.664188	-3.000000	9.750000
-0.623483	-91.972016	-3.000000	10.500000
-0.912270	-91.279844	-3.000000	11.250000
-1.201057	-90.587672	-3.000000	12.000000
-1.489844	-89.895500	-3.000000	12.750000
-1.778631	-89.203328	-3.000000	13.500000
-2.067418	-88.511156	-3.000000	14.250000
10.753808	-117.293592	-2.250000	-17.250000
10.465021	-116.601420	-2.250000	-16.500000
10.176234	-115.909248	-2.250000	-15.750000
9.887447	-115.217076	-2.250000	-15.000000
9.598660	-114.524904	-2.250000	-14.250000
9.309873	-113.832732	-2.250000	-13.500000
9.021086	-113.140560	-2.250000	-12.750000
8.732299	-112.448388	-2.250000	-12.000000
8.443512	-111.756216	-2.250000	-11.250000
8.154725	-111.064044	-2.250000	-10.500000
7.865938	-110.371872	-2.250000	-9.750000
7.577151	-109.679700	-2.250000	-9.000000
7.288364	-108.987528	-2.250000	-8.250000
6.999577	-108.295357	-2.250000	-7.500000
6.710790	-107.603185	-2.250000	-6.750000
6.422003	-106.911013	-2.250000	-6.000000
6.133216	-106.218841	-2.250000	-5.250000
5.844429	-105.526669	-2.250000	-4.500000
5.555642	-104.834497	-2.250000	-3.750000
5.266855	-104.142325	-2.250000	-3.000000
4.978068	-103.450153	-2.250000	-2.250000
4.689281	-102.757981	-2.250000	-1.500000
4.400494	-102.065809	-2.250000	-0.750000
4.111707	-101.373637	-2.250000	0.000000
3.822920	-100.681465	-2.250000	0.750000
3.534133	-99.989293	-2.250000	1.500000
3.245346	-99.297121	-2.250000	2.250000
2.956559	-98.604949	-2.250000	3.000000
2.667772	-97.912777	-2.250000	3.750000
2.378985	-97.220605	-2.250000	4.500000
2.090198	-96.528433	-2.250000	5.250000
1.801411	-95.836261	-2.250000	6.000000
1.512624	-95.144089	-2.250000	6.750000
1.223837	-94.451917	-2.250000	7.500000
0.935050	-93.759745	-2.250000	8.250000
0.646263	-93.067573	-2.250000	9.000000
0.357476	-92.375401	-2.250000	9.750000
0.068689	-91.683229	-2.250000	10.500000
-0.220098	-90.991057	-2.250000	11.250000
-0.508885	-90.298885	-2.250000	12.000000
-0.797672	-89.606713	-2.250000	12.750000
-1.086459	-88.914541	-2.250000	13.500000
-1.375246	-88.222369	-2.250000	14.250000
11.445980	-117.004805	-1.500000	-17.250000
11.157193	-116.312633	-1.500000	-16.500000
10.868406	-115.620461	-1.500000	-15.750000
10.579619	-114.928289	-1.500000	-15.000000
10.290832	-114.236117	-1.500000	-14.250000
10.002045	-113.543945	-1.500000	-13.500000
9.713258	-112.851773	-1.500000	-12.750000
9.424471	-112.159601	-1.500000	-12.000000
9.135684	-111.467429	-1.500000	-11.250000
8.846897	-110.775257	-1.500000	-10.500000
8.558110	-110.083085	-1.500000	-9.750000
8.269323	-109.390914	-1.500000	-9.000000
7.980536	-108.698742	-1.500000	-8.250000
7.691749	-108.006570	-1.500000	-7.500000
7.402962	-107.314398	-1.500000	-6.750000
7.114175	-106.622226	-1.500000	-6.000000
6.825388	-105.930054	-1.500000	-5.250000
6.536601	-105.237882	-1.500000	-4.500000
6.247814	-104.545710	-1.500000	-3.750000
5.959027	-103.853538	-1.500000	-3.000000
5.670240	-103.161366	-1.500000	-2.250000
5.381453	-102.469194	-1.500000	-1.500000
5.092666	-101.777022	-1.500000	-0.750000
4.803879	-101.084850	-1.500000	0.000000
4.515092	-100.392678	-1.500000	0.750000
4.226305	-99.700506	-1.500000	1.500000
3.937518	-99.008334	-1.500000	2.250000
3.648731	-98.316162	-1.500000	3.000000
3.359944	-97.623990	-1.500000	3.750000
3.071157	-96.931818	-1.500000	4.500000
2.782370	-96.239646	-1.500000	5.250000
2.493583	-95.547474	-1.500000	6.000000
2.204796	-94.855302	-1.500000	6.750000
1.916009	-94.163130	-1.500000	7.500000
1.627222	-93.470958	-1.500000	8.250000
1.338435	-92.778786	-1.500000	9.000000
1.049648	-92.086614	-1.500000	9.750000
0.760861	-91.394442	-1.500000	10.500000
0.472074	-90.702270	-1.500000	11.250000
0.183287	-90.010098	-1.500000	12.000000
-0.105500	-89.317926	-1.500000	12.750000
-0.394287	-88.625754	-1.500000	13.500000
-0.683074	-87.933582	-1.500000	14.250000
12.138152	-116.716018	-0.750000	-17.250000
11.849365	-116.023846	-0.750000	-16.500000
11.560578	-115.331674	-0.750000	-15.750000
11.271791	-114.639502	-0.750000	-15.000000
10.983004	-113.947330	-0.750000	-14.250000
10.694217	-113.255158	-0.750000	-13.500000
10.405430	-112.562986	-0.750000	-12.750000
10.116643	-111.870814	-0.750000	-12.000000
9.827856	-111.178643	-0.750000	-11.250000
9.539069	-110.486471	-0.750000	-10.500000
9.250282	-109.794299	-0.750000	-9.750000
8.961495	-109.102127	-0.750000	-9.000000
8.672708	-108.409955	-0.750000	-8.250000
8.383921	-107.717783	-0.750000	-7.500000
8.095134	-107.025611	-0.750000	-6.750000
7.806347	-106.333439	-0.750000	-6.000000
7.517560	-105.641267	-0.750000	-5.250000
7.228773	-104.949095	-0.750000	-4.500000
6.939986	-104.256923	-0.750000	-3.750000
6.651199	-103.564751	-0.750000	-3.000000
6.362412	-102.872579	-0.750000	-2.250000
6.073625	-102.180407	-0.750000	-1.500000
5.784838	-101.488235	-0.750000	-0.750000
5.496051	-100.796063	-0.750000	0.000000
5.207264	-100.103891	-0.750000	0.750000
4.918477	-99.411719	-0.750000	1.500000
4.629690	-98.719547	-0.750000	2.250000
4.340903	-98.027375	-0.750000	3.000000
4.052116	-97.335203	-0.750000	3.750000
3.763329	-96.643031	-0.750000	4.500000
3.474542	-95.950859	-0.750000	5.250000
3.185755	-95.258687	-0.750000	6.000000
2.896968	-94.566515	-0.750000	6.750000
2.608181	-93.874343	-0.750000	7.500000
2.319394	-93.182171	-0.750000	8.250000
2.030607	-92.489999	-0.750000	9.000000
1.741820	-91.797827	-0.750000	9.750000
1.453033	-91.105655	-0.750000	10.500000
1.164246	-90.413483	-0.750000	11.250000
0.875459	-89.721311	-0.750000	12.000000
0.586672	-89.029139	-0.750000	12.750000
0.297885	-88.336967	-0.750000	13.500000
0.009098	-87.644795	-0.750000	14.250000
12.830324	-116.427231	0.000000	-17.250000
12.541537	-115.735059	0.000000	-16.500000
12.252750	-115.042887	0.000000	-15.750000
11.963963	-114.350715	0.000000	-15.000000
11.675176	-113.658543	0.000000	-14.250000
11.386389	-112.966371	0.000000	-13.500000
11.097602	-112.274200	0.000000	-12.750000
10.808815	-111.582028	0.000000	-12.000000
10.520028	-110.889856	0.000000	-11.250000
10.231241	-110.197684	0.000000	-10.500000
9.942454	-109.505512	0.000000	-9.750000
9.653667	-108.813340	0.000000	-9.000000
9.364880	-108.121168	0.000000	-8.250000
9.076093	-107.428996	0.000000	-7.500000
8.787306	-106.736824	0.000000	-6.750000
8.498519	-106.044652	0.000000	-6.000000
8.209732	-105.352480	0.000000	-5.250000
7.920945	-104.660308	0.000000	-4.500000
7.632158	-103.968136	0.000000	-3.750000
7.343371	-103.275964	0.000000	-3.000000
7.054584	-102.583792	0.000000	-2.250000
6.765797	-101.891620	0.000000	-1.500000
6.477010	-101.199448	0.000000	-0.750000
6.188223	-100.507276	0.000000	0.000000
5.899436	-99.815104	0.000000	0.750000
5.610649	-99.122932	0.000000	1.500000
5.321862	-98.430760	0.000000	2.250000
5.033075	-97.738588	0.000000	3.000000
4.744288	-97.046416	0.000000	3.750000
4.455501	-96.354244	0.000000	4.500000
4.166714	-95.662072	0.000000	5.250000
3.877927	-94.969900	0.000000	6.000000
3.589140	-94.277728	0.000000	6.750000
3.300353	-93.585556	0.000000	7.500000
3.011566	-92.893384	0.000000	8.250000
2.722779	-92.201212	0.000000	9.000000
2.433992	-91.509040	0.000000	9.750000
2.145205	-90.816868	0.000000	10.500000
1.856418	-90.124696	0.000000	11.250000
1.567631	-89.432524	0.000000	12.000000
1.278844	-88.740352	0.000000	12.750000
0.990057	-88.048180	0.000000	13.500000
0.701270	-87.356008	0.000000	14.250000
0.412483	-86.663836	0.000000	15.000000
13.522496	-116.138444	0.750000	-17.250000
13.233709	-115.446272	0.750000	-16.500000
12.944922	-114.754100	0.750000	-15.750000
12.656135	-114.061929	0.750000	-15.000000
12.367348	-113.369757	0.750000	-14.250000
12.078561	-112.677585	0.750000	-13.500000
11.789774	-111.985413	0.750000	-12.750000
11.500987	-111.293241	0.750000	-12.000000
11.212200	-110.601069	0.750000	-11.250000
10.923413	-109.908897	0.750000	-10.500000
10.634626	-109.216725	0.750000	-9.750000
10.345839	-108.524553	0.750000	-9.000000
10.057052	-107.832381	0.750000	-8.250000
9.768265	-107.140209	0.750000	-7.500000
9.479478	-106.448037	0.750000	-6.750000
9.190691	-105.755865	0.750000	-6.000000
8.901904	-105.063693	0.750000	-5.250000
8.613117	-104.371521	0.750000	-4.500000
8.324330	-103.679349	0.750000	-3.750000
8.035543	-102.987177	0.750000	-3.000000
7.746756	-102.295005	0.750000	-2.250000
7.457969	-101.602833	0.750000	-1.500000
7.169182	-100.910661	0.750000	-0.750000
6.880395	-100.218489	0.750000	0.000000
6.591608	-99.526317	0.750000	0.750000
6.302821	-98.834145	0.750000	1.500000
6.014034	-98.141973	0.750000	2.250000
5.725247	-97.449801	0.750000	3.000000
5.436460	-96.757629	0.750000	3.750000
5.147673	-96.065457	0.750000	4.500000
4.858886	-95.373285	0.750000	5.250000
4.570099	-94.681113	0.750000	6.000000
4.281312	-93.988941	0.750000	6.750000
3.992525	-93.296769	0.750000	7.500000
3.703738	-92.604597	0.750000	8.250000
3.414951	-91.912425	0.750000	9.000000
3.126164	-91.220253	0.750000	9.750000
2.837377	-90.528081	0.750000	10.500000
2.548590	-89.835909	0.750000	11.250000
2.259803	-89.143737	0.750000	12.000000
1.971016	-88.451565	0.750000	12.750000
1.682229	-87.759393	0.750000	13.500000
1.393442	-87.067221	0.750000	14.250000
1.104655	-86.375049	0.750000	15.000000
14.214668	-115.849657	1.500000	-17.250000
13.925881	-115.157486	1.500000	-16.500000
13.637094	-114.465314	1.500000	-15.750000
13.348307	-113.773142	1.500000	-15.000000
13.059520	-113.080970	1.500000	-14.250000
12.770733	-112.388798	1.500000	-13.500000
12.481946	-111.696626	1.500000	-12.750000
12.193159	-111.004454	1.500000	-12.000000
11.904372	-110.312282	1.500000	-11.250000
11.615585	-109.620110	1.500000	-10.500000
11.326798	-108.927938	1.500000	-9.750000
11.038011	-108.235766	1.500000	-9.000000
10.749224	-107.543594	1.500000	-8.250000
10.460437	-106.851422	1.500000	-7.500000
10.171650	-106.159250	1.500000	-6.750000
9.882863	-105.467078	1.500000	-6.000000
9.594076	-104.774906	1.500000	-5.250000
9.305289	-104.082734	1.500000	-4.500000
9.016502	-103.390562	1.500000	-3.750000
8.727715	-102.698390	1.500000	-3.000000
8.438928	-102.006218	1.500000	-2.250000
8.150141	-101.314046	1.500000	-1.500000
7.861354	-100.621874	1.500000	-0.750000
7.572567	-99.929702	1.500000	0.000000
7.283780	-99.237530	1.500000	0.750000
6.994993	-98.545358	1.500000	1.500000
6.706206	-97.853186	1.500000	2.250000
6.417419	-97.161014	1.500000	3.000000
6.128632	-96.468842	1.500000	3.750000
5.839845	-95.776670	1.500000	4.500000
5.551058	-95.084498	1.500000	5.250000
5.262271	-94.392326	1.500000	6.000000
4.973484	-93.700154	1.500000	6.750000
4.684697	-93.007982	1.500000	7.500000
4.395910	-92.315810	1.500000	8.250000
4.107123	-91.623638	1.500000	9.000000
3.818336	-90.931466	1.500000	9.750000
3.529549	-90.239294	1.500000	10.500000
3.240762	-89.547122	1.500000	11.250000
2.951975	-88.854950	1.500000	12.000000
2.663188	-88.162778	1.500000	12.750000
2.374401	-87.470606	1.500000	13.500000
2.085614	-86.778434	1.500000	14.250000
1.796827	-86.086262	1.500000	15.000000
14.906840	-115.560871	2.250000	-17.250000
14.618053	-114.868699	2.250000	-16.500000
14.329266	-114.176527	2.250000	-15.750000
14.040479	-113.484355	2.250000	-15.000000
13.751692	-112.792183	2.250000	-14.250000
13.462905	-112.100011	2.250000	-13.500000
13.174118	-111.407839	2.250000	-12.750000
12.885331	-110.715667	2.250000	-12.000000
12.596544	-110.023495	2.250000	-11.250000
12.307757	-109.331323	2.250000	-10.500000
12.018970	-108.639151	2.250000	-9.750000
11.730183	-107.946979	2.250000	-9.000000
11.441396	-107.254807	2.250000	-8.250000
11.152609	-106.562635	2.250000	-7.500000
10.863822	-105.870463	2.250000	-6.750000
10.575035	-105.178291	2.250000	-6.000000
10.286248	-104.486119	2.250000	-5.250000
9.997461	-103.793947	2.250000	-4.500000
9.708674	-103.101775	2.250000	-3.750000
9.419887	-102.409603	2.250000	-3.000000
9.131100	-101.717431	2.250000	-2.250000
8.842313	-101.025259	2.250000	-1.500000
8.553526	-100.333087	2.250000	-0.750000
8.264739	-99.640915	2.250000	0.000000
7.975952	-98.948743	2.250000	0.750000
7.687165	-98.256571	2.250000	1.500000
7.398378	-97.564399	2.250000	2.250000
7.109591	-96.872227	2.250000	3.000000
6.820804	-96.180055	2.250000	3.750000
6.532017	-95.487883	2.250000	4.500000
6.243230	-94.795711	2.250000	5.250000
5.954443	-94.103539	2.250000	6.000000
5.665656	-93.411367	2.250000	6.750000
5.376869	-92.719195	2.250000	7.500000
5.088082	-92.027023	2.250000	8.250000
4.799295	-91.334851	2.250000	9.000000
4.510508	-90.642679	2.250000	9.750000
4.221721	-89.950507	2.250000	10.500000
3.932934	-89.258335	2.250000	11.250000
3.644147	-88.566163	2.250000	12.000000
3.355360	-87.873991	2.250000	12.750000
3.066573	-87.181819	2.250000	13.500000
2.777786	-86.489647	2.250000	14.250000
2.488999	-85.797475	2.250000	15.000000
15.599012	-115.272084	3.000000	-17.250000
15.310225	-114.579912	3.000000	-16.500000
15.021438	-113.887740	3.000000	-15.750000
14.732651	-113.195568	3.000000	-15.000000
14.443864	-112.503396	3.000000	-14.250000
14.155077	-111.811224	3.000000	-13.500000
13.866290	-111.119052	3.000000	-12.750000
13.577503	-110.426880	3.000000	-12.000000
13.288716	-109.734708	3.000000	-11.250000
12.999929	-109.042536	3.000000	-10.500000
12.711142	-108.350364	3.000000	-9.750000
12.422355	-107.658192	3.000000	-9.000000
12.133568	-106.966020	3.000000	-8.250000
11.844781	-106.273848	3.000000	-7.500000
11.555994	-105.581676	3.000000	-6.750000
11.267207	-104.889504	3.000000	-6.000000
10.978420	-104.197332	3.000000	-5.250000
10.689633	-103.505160	3.000000	-4.500000
10.400846	-102.812988	3.000000	-3.750000
10.112059	-102.120816	3.000000	-3.000000
9.823272	-101.428644	3.000000	-2.250000
9.534485	-100.736472	3.000000	-1.500000
9.245698	-100.044300	3.000000	-0.750000
8.956911	-99.352128	3.000000	0.000000
8.668124	-98.659956	3.000000	0.750000
8.379337	-97.967784	3.000000	1.500000
8.090550	-97.275612	3.000000	2.250000
7.801763	-96.583440	3.000000	3.000000
7.512976	-95.891268	3.000000	3.750000
7.224189	-95.199096	3.000000	4.500000
6.935402	-94.506924	3.000000	5.250000
6.646615	-93.814752	3.000000	6.000000
6.357828	-93.122580	3.000000	6.750000
6.069041	-92.430408	3.000000	7.500000
5.780254	-91.738236	3.000000	8.250000
5.491467	-91.046064	3.000000	9.000000
5.202680	-90.353892	3.000000	9.750000
4.913893	-89.661720	3.000000	10.500000
4.625106	-88.969548	3.000000	11.250000
4.336319	-88.277376	3.000000	12.000000
4.047532	-87.585204	3.000000	12.750000
3.758745	-86.893032	3.000000	13.500000
3.469958	-86.200860	3.000000	14.250000
3.181171	-85.508688	3.000000	15.000000
2.892384	-84.816516	3.000000	15.750000
16.291184	-114.983297	3.750000	-17.250000
16.002397	-114.291125	3.750000	-16.500000
15.713610	-113.598953	3.750000	-15.750000
15.424823	-112.906781	3.750000	-15.000000
15.136036	-112.214609	3.750000	-14.250000
14.847249	-111.522437	3.750000	-13.500000
14.558462	-110.830265	3.750000	-12.750000
14.269675	-110.138093	3.750000	-12.000000
13.980888	-109.445921	3.750000	-11.250000
13.692101	-108.753749	3.750000	-10.500000
13.403314	-108.061577	3.750000	-9.750000
13.114527	-107.369405	3.750000	-9.000000
12.825740	-106.677233	3.750000	-8.250000
12.536953	-105.985061	3.750000	-7.500000
12.248166	-105.292889	3.750000	-6.750000
11.959379	-104.600717	3.750000	-6.000000
11.670592	-103.908545	3.750000	-5.250000
11.381805	-103.216373	3.750000	-4.500000
11.093018	-102.524201	3.750000	-3.750000
10.804231	-101.832029	3.750000	-3.000000
10.515444	-101.139857	3.750000	-2.250000
10.226657	-100.447685	3.750000	-1.500000
9.937870	-99.755513	3.750000	-0.750000
9.649083	-99.063341	3.750000	0.000000
9.360296	-98.371169	3.750000	0.750000
9.071509	-97.678997	3.750000	1.500000
8.782722	-96.986825	3.750000	2.250000
8.493935	-96.294653	3.750000	3.000000
8.205148	-95.602481	3.750000	3.750000
7.916361	-94.910309	3.750000	4.500000
7.627574	-94.218137	3.750000	5.250000
7.338787	-93.525965	3.750000	6.000000
7.050000	-92.833793	3.750000	6.750000
6.761213	-92.141621	3.750000	7.500000
6.472426	-91.449449	3.750000	8.250000
6.183639	-90.757277	3.750000	9.000000
5.894852	-90.065105	3.750000	9.750000
5.606065	-89.372933	3.750000	10.500000
5.317278	-88.680761	3.750000	11.250000
5.028491	-87.988589	3.750000	12.000000
4.739704	-87.296417	3.750000	12.750000
4.450917	-86.604245	3.750000	13.500000
4.162130	-85.912073	3.750000	14.250000
3.873343	-85.219901	3.750000	15.000000
3.584556	-84.527729	3.750000	15.750000
16.983356	-114.694510	4.500000	-17.250000
16.694569	-114.002338	4.500000	-16.500000
16.405782	-113.310166	4.500000	-15.750000
16.116995	-112.617994	4.500000	-15.000000
15.828208	-111.925822	4.500000	-14.250000
15.539421	-111.233650	4.500000	-13.500000
15.250634	-110.541478	4.500000	-12.750000
14.961847	-109.849306	4.500000	-12.000000
14.673060	-109.157134	4.500000	-11.250000
14.384273	-108.464962	4.500000	-10.500000
14.095486	-107.772790	4.500000	-9.750000
13.806699	-107.080618	4.500000	-9.000000
13.517912	-106.388446	4.500000	-8.250000
13.229125	-105.696274	4.500000	-7.500000
12.940338	-105.004102	4.500000	-6.750000
12.651551	-104.311930	4.500000	-6.000000
12.362764	-103.619758	4.500000	-5.250000
12.073977	-102.927586	4.500000	-4.500000
11.785190	-102.235414	4.500000	-3.750000
11.496403	-101.543242	4.500000	-3.000000
11.207616	-100.851070	4.500000	-2.250000
10.918829	-100.158898	4.500000	-1.500000
10.630042	-99.466726	4.500000	-0.750000
10.341255	-98.774554	4.500000	0.000000
10.052468	-98.082382	4.500000	0.750000
9.763681	-97.390210	4.500000	1.500000
9.474894	-96.698038	4.500000	2.250000
9.186107	-96.005866	4.500000	3.000000
8.897320	-95.313694	4.500000	3.750000
8.608533	-94.621522	4.500000	4.500000
8.319746	-93.929350	4.500000	5.250000
8.030959	-93.237178	4.500000	6.000000
7.742172	-92.545006	4.500000	6.750000
7.453385	-91.852834	4.500000	7.500000
7.164598	-91.160662	4.500000	8.250000
6.875811	-90.468490	4.500000	9.000000
6.587024	-89.776318	4.500000	9.750000
6.298237	-89.084146	4.500000	10.500000
6.009450	-88.391974	4.500000	11.250000
5.720663	-87.699802	4.500000	12.000000
5.431876	-87.007630	4.500000	12.750000
5.143089	-86.315458	4.500000	13.500000
4.854302	-85.623286	4.500000	14.250000
4.565515	-84.931114	4.500000	15.000000
4.276728	-84.238942	4.500000	15.750000
17.675528	-114.405723	5.250000	-17.250000
17.386741	-113.713551	5.250000	-16.500000
17.097954	-113.021379	5.250000	-15.750000
16.809167	-112.329207	5.250000	-15.000000
16.520380	-111.637035	5.250000	-14.250000
16.231593	-110.944863	5.250000	-13.500000
15.942806	-110.252691	5.250000	-12.750000
15.654019	-109.560519	5.250000	-12.000000
15.365232	-108.868347	5.250000	-11.250000
15.076445	-108.176175	5.250000	-10.500000
14.787658	-107.484003	5.250000	-9.750000
14.498871	-106.791831	5.250000	-9.000000
14.210084	-106.099659	5.250000	-8.250000
13.921297	-105.407487	5.250000	-7.500000
13.632510	-104.715315	5.250000	-6.750000
13.343723	-104.023143	5.250000	-6.000000
13.054936	-103.330971	5.250000	-5.250000
12.766149	-102.638799	5.250000	-4.500000
12.477362	-101.946627	5.250000	-3.750000
12.188575	-101.254455	5.250000	-3.000000
11.899788	-100.562283	5.250000	-2.250000
11.611001	-99.870111	5.250000	-1.500000
11.322214	-99.177939	5.250000	-0.750000
11.033427	-98.485767	5.250000	0.000000
10.744640	-97.793595	5.250000	0.750000
10.455853	-97.101423	5.250000	1.500000
10.167066	-96.409251	5.250000	2.250000
9.878279	-95.717079	5.250000	3.000000
9.589492	-95.024907	5.250000	3.750000
9.300705	-94.332735	5.250000	4.500000
9.011918	-93.640563	5.250000	5.250000
8.723131	-92.948391	5.250000	6.000000
8.434344	-92.256219	5.250000	6.750000
8.145557	-91.564047	5.250000	7.500000
7.856770	-90.871875	5.250000	8.250000
7.567983	-90.179703	5.250000	9.000000
7.279196	-89.487531	5.250000	9.750000
6.990409	-88.795359	5.250000	10.500000
6.701622	-88.103187	5.250000	11.250000
6.412835	-87.411015	5.250000	12.000000
6.124048	-86.718843	5.250000	12.750000
5.835261	-86.026671	5.250000	13.500000
5.546474	-85.334499	5.250000	14.250000
5.257687	-84.642327	5.250000	15.000000
4.968900	-83.950155	5.250000	15.750000
4.680113	-83.257983	5.250000	16.500000
18.367700	-114.116936	6.000000	-17.250000
18.078913	-113.424764	6.000000	-16.500000
17.790126	-112.732592	6.000000	-15.750000
17.501339	-112.040420	6.000000	-15.000000
17.212552	-111.348248	6.000000	-14.250000
16.923765	-110.656076	6.000000	-13.500000
16.634978	-109.963904	6.000000	-12.750000
16.346191	-109.271732	6.000000	-12.000000
16.057404	-108.579560	6.000000	-11.250000
15.768617	-107.887388	6.000000	-10.500000
15.479830	-107.195216	6.000000	-9.750000
15.191043	-106.503044	6.000000	-9.000000
14.902256	-105.810872	6.000000	-8.250000
14.613469	-105.118700	6.000000	-7.500000
14.324682	-104.426528	6.000000	-6.750000
14.035895	-103.734356	6.000000	-6.000000
13.747108	-103.042184	6.000000	-5.250000
13.458321	-102.350012	6.000000	-4.500000
13.169534	-101.657840	6.000000	-3.750000
12.880747	-100.965668	6.000000	-3.000000
12.591960	-100.273496	6.000000	-2.250000
12.303173	-99.581324	6.000000	-1.500000
12.014386	-98.889152	6.000000	-0.750000
11.725599	-98.196980	6.000000	0.000000
11.436812	-97.504808	6.000000	0.750000
11.148025	-96.812636	6.000000	1.500000
10.859238	-96.120464	6.000000	2.250000
10.570451	-95.428292	6.000000	3.000000
10.281664	-94.736120	6.000000	3.750000
9.992877	-94.043948	6.000000	4.500000
9.704090	-93.351776	6.000000	5.250000
9.415303	-92.659604	6.000000	6.000000
9.126516	-91.967432	6.000000	6.750000
8.837729	-91.275260	6.000000	7.500000
8.548942	-90.583088	6.000000	8.250000
8.260155	-89.890916	6.000000	9.000000
7.971368	-89.198744	6.000000	9.750000
7.682581	-88.506572	6.000000	10.500000
7.393794	-87.814400	6.000000	11.250000
7.105007	-87.122228	6.000000	12.000000
6.816220	-86.430056	6.000000	12.750000
6.527433	-85.737884	6.000000	13.500000
6.238646	-85.045712	6.000000	14.250000
5.949859	-84.353540	6.000000	15.000000
5.661072	-83.661368	6.000000	15.750000
5.372285	-82.969196	6.000000	16.500000
19.059872	-113.828149	6.750000	-17.250000
18.771085	-113.135977	6.750000	-16.500000
18.482298	-112.443805	6.750000	-15.750000
18.193511	-111.751633	6.750000	-15.000000
17.904724	-111.059461	6.750000	-14.250000
17.615937	-110.367289	6.750000	-13.500000
17.327150	-109.675117	6.750000	-12.750000
17.038363	-108.982945	6.750000	-12.000000
16.749576	-108.290773	6.750000	-11.250000
16.460789	-107.598601	6.750000	-10.500000
16.172002	-106.906429	6.750000	-9.750000
15.883215	-106.214257	6.750000	-9.000000
15.594428	-105.522085	6.750000	-8.250000
15.305641	-104.829913	6.750000	-7.500000
15.016854	-104.137741	6.750000	-6.750000
14.728067	-103.445569	6.750000	-6.000000
14.439280	-102.753397	6.750000	-5.250000
14.150493	-102.061225	6.750000	-4.500000
13.861706	-101.369053	6.750000	-3.750000
13.572919	-100.676881	6.750000	-3.000000
13.284132	-99.984709	6.750000	-2.250000
12.995345	-99.292537	6.750000	-1.500000
12.706558	-98.600365	6.750000	-0.750000
12.417771	-97.908193	6.750000	0.000000
12.128984	-97.216021	6.750000	0.750000
11.840197	-96.523849	6.750000	1.500000
11.551410	-95.831677	6.750000	2.250000
11.262623	-95.139505	6.750000	3.000000
10.973836	-94.447333	6.750000	3.750000
10.685049	-93.755161	6.750000	4.500000
10.396262	-93.062989	6.750000	5.250000
10.107475	-92.370817	6.750000	6.000000
9.818688	-91.678645	6.750000	6.750000
9.529901	-90.986473	6.750000	7.500000
9.241114	-90.294301	6.750000	8.250000
8.952327	-89.602129	6.750000	9.000000
8.663540	-88.909957	6.750000	9.750000
8.374753	-88.217785	6.750000	10.500000
8.085966	-87.525613	6.750000	11.250000
7.797179	-86.833441	6.750000	12.000000
7.508392	-86.141269	6.750000	12.750000
7.219605	-85.449097	6.750000	13.500000
6.930818	-84.756925	6.750000	14.250000
6.642031	-84.064753	6.750000	15.000000
6.353244	-83.372581	6.750000	15.750000
6.064457	-82.680409	6.750000	16.500000
19.752044	-113.539362	7.500000	-17.250000
19.463257	-112.847190	7.500000	-16.500000
19.174470	-112.155018	7.500000	-15.750000
18.885683	-111.462846	7.500000	-15.000000
18.596896	-110.770674	7.500000	-14.250000
18.308109	-110.078502	7.500000	-13.500000
18.019322	-109.386330	7.500000	-12.750000
17.730535	-108.694158	7.500000	-12.000000
17.441748	-108.001986	7.500000	-11.250000
17.152961	-107.309814	7.500000	-10.500000
16.864174	-106.617642	7.500000	-9.750000
16.575387	-105.925470	7.500000	-9.000000
16.286600	-105.233298	7.500000	-8.250000
15.997813	-104.541126	7.500000	-7.500000
15.709026	-103.848954	7.500000	-6.750000
15.420239	-103.156782	7.500000	-6.000000
15.131452	-102.464610	7.500000	-5.250000
14.842665	-101.772438	7.500000	-4.500000
14.553878	-101.080266	7.500000	-3.750000
14.265091	-100.388094	7.500000	-3.000000
13.976304	-99.695922	7.500000	-2.250000
13.687517	-99.003750	7.500000	-1.500000
13.398730	-98.311578	7.500000	-0.750000
13.109943	-97.619406	7.500000	0.000000
12.821156	-96.927234	7.500000	0.750000
12.532369	-96.235062	7.500000	1.500000
12.243582	-95.542890	7.500000	2.250000
11.954795	-94.850718	7.500000	3.000000
11.666008	-94.158546	7.500000	3.750000
11.377221	-93.466374	7.500000	4.500000
11.088434	-92.774202	7.500000	5.250000
10.799647	-92.082030	7.500000	6.000000
10.510860	-91.389858	7.500000	6.750000
10.222073	-90.697686	7.500000	7.500000
9.933286	-90.005514	7.500000	8.250000
9.644499	-89.313342	7.500000	9.000000
9.355712	-88.621170	7.500000	9.750000
9.066925	-87.928998	7.500000	10.500000
8.778138	-87.236826	7.500000	11.250000
8.489351	-86.544654	7.500000	12.000000
8.200564	-85.852482	7.500000	12.750000
7.911777	-85.160310	7.500000	13.500000
7.622990	-84.468138	7.500000	14.250000
7.334203	-83.775966	7.500000	15.000000
7.045416	-83.083794	7.500000	15.750000
6.756629	-82.391622	7.500000	16.500000
20.444216	-113.250575	8.250000	-17.250000
20.155429	-112.558403	8.250000	-16.500000
19.866642	-111.866231	8.250000	-15.750000
19.577855	-111.174059	8.250000	-15.000000
19.289068	-110.481887	8.250000	-14.250000
19.000281	-109.789715	8.250000	-13.500000
18.711494	-109.097543	8.250000	-12.750000
18.422707	-108.405371	8.250000	-12.000000
18.133920	-107.713199	8.250000	-11.250000
17.845133	-107.021027	8.250000	-10.500000
17.556346	-106.328855	8.250000	-9.750000
17.267559	-105.636683	8.250000	-9.000000
16.978772	-104.944511	8.250000	-8.250000
16.689985	-104.252339	8.250000	-7.500000
16.401198	-103.560167	8.250000	-6.750000
16.112411	-102.867995	8.250000	-6.000000
15.823624	-102.175823	8.250000	-5.250000
15.534837	-101.483651	8.250000	-4.500000
15.246050	-100.791479	8.250000	-3.750000
14.957263	-100.099307	8.250000	-3.000000
14.668476	-99.407135	8.250000	-2.250000
14.379689	-98.714963	8.250000	-1.500000
14.090902	-98.022791	8.250000	-0.750000
13.802115	-97.330619	8.250000	0.000000
13.513328	-96.638447	8.250000	0.750000
13.224541	-95.946275	8.250000	1.500000
12.935754	-95.254103	8.250000	2.250000
12.646967	-94.561931	8.250000	3.000000
12.358180	-93.869759	8.250000	3.750000
12.069393	-93.177587	8.250000	4.500000
11.780606	-92.485415	8.250000	5.250000
11.491819	-91.793243	8.250000	6.000000
11.203032	-91.101071	8.250000	6.750000
10.914245	-90.408899	8.250000	7.500000
10.625458	-89.716727	8.250000	8.250000
10.336671	-89.024555	8.250000	9.000000
10.047884	-88.332383	8.250000	9.750000
9.759097	-87.640211	8.250000	10.500000
9.470310	-86.948039	8.250000	11.250000
9.181523	-86.255867	8.250000	12.000000
8.892736	-85.563695	8.250000	12.750000
8.603949	-84.871523	8.250000	13.500000
8.315162	-84.179351	8.250000	14.250000
8.026375	-83.487179	8.250000	15.000000
7.737588	-82.795007	8.250000	15.750000
7.448801	-82.102835	8.250000	16.500000
7.160014	-81.410663	8.250000	17.250000
21.136388	-112.961788	9.000000	-17.250000
20.847601	-112.269616	9.000000	-16.500000
20.558814	-111.577444	9.000000	-15.750000
20.270027	-110.885272	9.000000	-15.000000
19.981240	-110.193100	9.000000	-14.250000
19.692453	-109.500928	9.000000	-13.500000
19.403666	-108.808756	9.000000	-12.750000
19.114879	-108.116584	9.000000	-12.000000
18.826092	-107.424412	9.000000	-11.250000
18.537305	-106.732240	9.000000	-10.500000
18.248518	-106.040068	9.000000	-9.750000
17.959731	-105.347896	9.000000	-9.000000
17.670944	-104.655724	9.000000	-8.250000
17.382157	-103.963552	9.000000	-7.500000
17.093370	-103.271380	9.000000	-6.750000
16.804583	-102.579208	9.000000	-6.000000
16.515796	-101.887036	9.000000	-5.250000
16.227009	-101.194864	9.000000	-4.500000
15.938222	-100.502692	9.000000	-3.750000
15.649435	-99.810520	9.000000	-3.000000
15.360648	-99.118348	9.000000	-2.250000
15.071861	-98.426176	9.000000	-1.500000
14.783074	-97.734004	9.000000	-0.750000
14.494287	-97.041832	9.000000	0.000000
14.205500	-96.349660	9.000000	0.750000
13.916713	-95.657488	9.000000	1.500000
13.627926	-94.965316	9.000000	2.250000
13.339139	-94.273144	9.000000	3.000000
13.050352	-93.580972	9.000000	3.750000
12.761565	-92.888800	9.000000	4.500000
12.472778	-92.196628	9.000000	5.250000
12.183991	-91.504456	9.000000	6.000000
11.895204	-90.812284	9.000000	6.750000
11.606417	-90.120112	9.000000	7.500000
11.317630	-89.427940	9.000000	8.250000
11.028843	-88.735768	9.000000	9.000000
10.740056	-88.043596	9.000000	9.750000
10.451269	-87.351424	9.000000	10.500000
10.162482	-86.659252	9.000000	11.250000
9.873695	-85.967080	9.000000	12.000000
9.584908	-85.274908	9.000000	12.750000
9.296121	-84.582736	9.000000	13.500000
9.007334	-83.890564	9.000000	14.250000
8.718547	-83.198392	9.000000	15.000000
8.429760	-82.506220	9.000000	15.750000
8.140973	-81.814048	9.000000	16.500000
7.852186	-81.121876	9.000000	17.250000
21.828560	-112.673001	9.750000	-17.250000
21.539773	-111.980829	9.750000	-16.500000
21.250986	-111.288657	9.750000	-15.750000
20.962199	-110.596485	9.750000	-15.000000
20.673412	-109.904313	9.750000	-14.250000
20.384625	-109.212141	9.750000	-13.500000
20.095838	-108.519969	9.750000	-12.750000
19.807051	-107.827797	9.750000	-12.000000
19.518264	-107.135625	9.750000	-11.250000
19.229477	-106.443453	9.750000	-10.500000
18.940690	-105.751281	9.750000	-9.750000
18.651903	-105.059109	9.750000	-9.000000
18.363116	-104.366937	9.750000	-8.250000
18.074329	-103.674765	9.750000	-7.500000
17.785542	-102.982593	9.750000	-6.750000
17.496755	-102.290421	9.750000	-6.000000
17.207968	-101.598249	9.750000	-5.250000
16.919181	-100.906077	9.750000	-4.500000
16.630394	-100.213905	9.750000	-3.750000
16.341607	-99.521733	9.750000	-3.000000
16.052820	-98.829561	9.750000	-2.250000
15.764033	-98.137389	9.750000	-1.500000
15.475246	-97.445217	9.750000	-0.750000
15.186459	-96.753045	9.750000	0.000000
14.897672	-96.060873	9.750000	0.750000
14.608885	-95.368701	9.750000	1.500000
14.320098	-94.676529	9.750000	2.250000
14.031311	-93.984357	9.750000	3.000000
13.742524	-93.292185	9.750000	3.750000
13.453737	-92.600013	9.750000	4.500000
13.164950	-91.907841	9.750000	5.250000
12.876163	-91.215669	9.750000	6.000000
12.587376	-90.523497	9.750000	6.750000
12.298589	-89.831325	9.750000	7.500000
12.009802	-89.139153	9.750000	8.250000
11.721015	-88.446981	9.750000	9.000000
11.432228	-87.754809	9.750000	9.750000
11.143441	-87.062637	9.750000	10.500000
10.854654	-86.370465	9.750000	11.250000
10.565867	-85.678293	9.750000	12.000000
10.277080	-84.986121	9.750000	12.750000
9.988293	-84.293949	9.750000	13.500000
9.699506	-83.601777	9.750000	14.250000
9.410719	-82.909605	9.750000	15.000000
9.121932	-82.217433	9.750000	15.750000
8.833145	-81.525261	9.750000	16.500000
8.544358	-80.833089	9.750000	17.250000
22.520732	-112.384214	10.500000	-17.250000
22.231945	-111.692042	10.500000	-16.500000
21.943158	-110.999870	10.500000	-15.750000
21.654371	-110.307698	10.500000	-15.000000
21.365584	-109.615526	10.500000	-14.250000
21.076797	-108.923354	10.500000	-13.500000
20.788010	-108.231182	10.500000	-12.750000
20.499223	-107.539010	10.500000	-12.000000
20.210436	-106.846838	10.500000	-11.250000
19.921649	-106.154666	10.500000	-10.500000
19.632862	-105.462494	10.500000	-9.750000
19.344075	-104.770322	10.500000	-9.000000
19.055288	-104.078150	10.500000	-8.250000
18.766501	-103.385978	10.500000	-7.500000
18.477714	-102.693806	10.500000	-6.750000
18.188927	-102.001634	10.500000	-6.000000
17.900140	-101.309462	10.500000	-5.250000
17.611353	-100.617290	10.500000	-4.500000
17.322566	-99.925118	10.500000	-3.750000
17.033779	-99.232946	10.500000	-3.000000
16.744992	-98.540774	10.500000	-2.250000
16.456205	-97.848602	10.500000	-1.500000
16.167418	-97.156430	10.500000	-0.750000
15.878631	-96.464258	10.500000	0.000000
15.589844	-95.772086	10.500000	0.750000
15.301057	-95.079914	10.500000	1.500000
15.012270	-94.387742	10.500000	2.250000
14.723483	-93.695570	10.500000	3.000000
14.434696	-93.003398	10.500000	3.750000
14.145909	-92.311226	10.500000	4.500000
13.857122	-91.619054	10.500000	5.250000
13.568335	-90.926882	10.500000	6.000000
13.279548	-90.234710	10.500000	6.750000
12.990761	-89.542538	10.500000	7.500000
12.701974	-88.850366	10.500000	8.250000
12.413187	-88.158194	10.500000	9.000000
12.124400	-87.466022	10.500000	9.750000
11.835613	-86.773850	10.500000	10.500000
11.546826	-86.081678	10.500000	11.250000
11.258039	-85.389506	10.500000	12.000000
10.969252	-84.697334	10.500000	12.750000
10.680465	-84.005162	10.500000	13.500000
10.391678	-83.312990	10.500000	14.250000
10.102891	-82.620818	10.500000	15.000000
9.814104	-81.928646	10.500000	15.750000
9.525317	-81.236474	10.500000	16.500000
9.236530	-80.544302	10.500000	17.250000
8.947743	-79.852130	10.500000	18.000000
23.212904	-112.095427	11.250000	-17.250000
22.924117	-111.403255	11.250000	-16.500000
22.635330	-110.711083	11.250000	-15.750000
22.346543	-110.018911	11.250000	-15.000000
22.057756	-109.326739	11.250000	-14.250000
21.768969	-108.634567	11.250000	-13.500000
21.480182	-107.942395	11.250000	-12.750000
21.191395	-107.250223	11.250000	-12.000000
20.902608	-106.558051	11.250000	-11.250000
20.613821	-105.865879	11.250000	-10.500000
20.325034	-105.173707	11.250000	-9.750000
20.036247	-104.481535	11.250000	-9.000000
19.747460	-103.789363	11.250000	-8.250000
19.458673	-103.097191	11.250000	-7.500000
19.169886	-102.405019	11.250000	-6.750000
18.881099	-101.712847	11.250000	-6.000000
18.592312	-101.020675	11.250000	-5.250000
18.303525	-100.328503	11.250000	-4.500000
18.014738	-99.636331	11.250000	-3.750000
17.725951	-98.944159	11.250000	-3.000000
17.437164	-98.251987	11.250000	-2.250000
17.148377	-97.559815	11.250000	-1.500000
16.859590	-96.867643	11.250000	-0.750000
16.570803	-96.175471	11.250000	0.000000
16.282016	-95.483299	11.250000	0.750000
15.993229	-94.791127	11.250000	1.500000
15.704442	-94.098955	11.250000	2.250000
15.415655	-93.406783	11.250000	3.000000
15.126868	-92.714611	11.250000	3.750000
14.838081	-92.022439	11.250000	4.500000
14.549294	-91.330267	11.250000	5.250000
14.260507	-90.638095	11.250000	6.000000
13.971720	-89.945923	11.250000	6.750000
13.682933	-89.253751	11.250000	7.500000
13.394146	-88.561579	11.250000	8.250000
13.105359	-87.869407	11.250000	9.000000
12.816572	-87.177235	11.250000	9.750000
12.527785	-86.485063	11.250000	10.500000
12.238998	-85.792891	11.250000	11.250000
11.950211	-85.100719	11.250000	12.000000
11.661424	-84.408547	11.250000	12.750000
11.372637	-83.716375	11.250000	13.500000
11.083850	-83.024203	11.250000	14.250000
10.795063	-82.332031	11.250000	15.000000
10.506276	-81.639859	11.250000	15.750000
10.217489	-80.947687	11.250000	16.500000
9.928702	-80.255515	11.250000	17.250000
9.639915	-79.563343	11.250000	18.000000
23.905076	-111.806640	12.000000	-17.250000
23.616289	-111.114468	12.000000	-16.500000
23.327502	-110.422296	12.000000	-15.750000
23.038715	-109.730124	12.000000	-15.000000
22.749928	-109.037952	12.000000	-14.250000
22.461141	-108.345780	12.000000	-13.500000
22.172354	-107.653608	12.000000	-12.750000
21.883567	-106.961436	12.000000	-12.000000
21.594780	-106.269264	12.000000	-11.250000
21.305993	-105.577092	12.000000	-10.500000
21.017206	-104.884920	12.000000	-9.750000
20.728419	-104.192748	12.000000	-9.000000
20.439632	-103.500576	12.000000	-8.250000
20.150845	-102.808404	12.000000	-7.500000
19.862058	-102.116232	12.000000	-6.750000
19.573271	-101.424060	12.000000	-6.000000
19.284484	-100.731888	12.000000	-5.250000
18.995697	-100.039716	12.000000	-4.500000
18.706910	-99.347544	12.000000	-3.750000
18.418123	-98.655372	12.000000	-3.000000
18.129336	-97.963200	12.000000	-2.250000
17.840549	-97.271028	12.000000	-1.500000
17.551762	-96.578856	12.000000	-0.750000
17.262975	-95.886684	12.000000	0.000000
16.974188	-95.194512	12.000000	0.750000
16.685401	-94.502340	12.000000	1.500000
16.396614	-93.810168	12.000000	2.250000
16.107827	-93.117996	12.000000	3.000000
15.819040	-92.425824	12.000000	3.750000
15.530253	-91.733652	12.000000	4.500000
15.241466	-91.041480	12.000000	5.250000
14.952679	-90.349308	12.000000	6.000000
14.663892	-89.657136	12.000000	6.750000
14.375105	-88.964964	12.000000	7.500000
14.086318	-88.272792	12.000000	8.250000
13.797531	-87.580620	12.000000	9.000000
13.508744	-86.888448	12.000000	9.750000
13.219957	-86.196276	12.000000	10.500000
12.931170	-85.504104	12.000000	11.250000
12.642383	-84.811932	12.000000	12.000000
12.353596	-84.119760	12.000000	12.750000
12.064809	-83.427588	12.000000	13.500000
11.776022	-82.735416	12.000000	14.250000
11.487235	-82.043244	12.000000	15.000000
11.198448	-81.351072	12.000000	15.750000
10.909661	-80.658900	12.000000	16.500000
10.620874	-79.966728	12.000000	17.250000
10.332087	-79.274556	12.000000	18.000000
24.597248	-111.517853	12.750000	-17.250000
24.308461	-110.825681	12.750000	-16.500000
24.019674	-110.133509	12.750000	-15.750000
23.730887	-109.441337	12.750000	-15.000000
23.442100	-108.749165	12.750000	-14.250000
23.153313	-108.056993	12.750000	-13.500000
22.864526	-107.364821	12.750000	-12.750000
22.575739	-106.672649	12.750000	-12.000000
22.286952	-105.980477	12.750000	-11.250000
21.998165	-105.288305	12.750000	-10.500000
21.709378	-104.596133	12.750000	-9.750000
21.420591	-103.903961	12.750000	-9.000000
21.131804	-103.211789	12.750000	-8.250000
20.843017	-102.519617	12.750000	-7.500000
20.554230	-101.827445	12.750000	-6.750000
20.265443	-101.135273	12.750000	-6.000000
19.976656	-100.443101	12.750000	-5.250000
19.687869	-99.750929	12.750000	-4.500000
19.399082	-99.058757	12.750000	-3.750000
19.110295	-98.366585	12.750000	-3.000000
18.821508	-97.674413	12.750000	-2.250000
18.532721	-96.982241	12.750000	-1.500000
18.243934	-96.290069	12.750000	-0.750000
17.955147	-95.597897	12.750000	0.000000
17.666360	-94.905725	12.750000	0.750000
17.377573	-94.213553	12.750000	1.500000
17.088786	-93.521381	12.750000	2.250000
16.799999	-92.829209	12.750000	3.000000
16.511212	-92.137037	12.750000	3.750000
16.222425	-91.444865	12.750000	4.500000
15.933638	-90.752693	12.750000	5.250000
15.644851	-90.060521	12.750000	6.000000
15.356064	-89.368349	12.750000	6.750000
15.067277	-88.676177	12.750000	7.500000
14.778490	-87.984005	12.750000	8.250000
14.489703	-87.291833	12.750000	9.000000
14.200916	-86.599661	12.750000	9.750000
13.912129	-85.907489	12.750000	10.500000
13.623342	-85.215317	12.750000	11.250000
13.334555	-84.523145	12.750000	12.000000
13.045768	-83.830973	12.750000	12.750000
12.756981	-83.138801	12.750000	13.500000
12.468194	-82.446629	12.750000	14.250000
12.179407	-81.754457	12.750000	15.000000
11.890620	-81.062285	12.750000	15.750000
11.601833	-80.370113	12.750000	16.500000
11.313046	-79.677941	12.750000	17.250000
11.024259	-78.985769	12.750000	18.000000
25.289420	-111.229066	13.500000	-17.250000
25.000633	-110.536894	13.500000	-16.500000
24.711846	-109.844722	13.500000	-15.750000
24.423059	-109.152550	13.500000	-15.000000
24.134272	-108.460378	13.500000	-14.250000
23.845485	-107.768206	13.500000	-13.500000
23.556698	-107.076034	13.500000	-12.750000
23.267911	-106.383862	13.500000	-12.000000
22.979124	-105.691690	13.500000	-11.250000
22.690337	-104.999518	13.500000	-10.500000
22.401550	-104.307346	13.500000	-9.750000
22.112763	-103.615174	13.500000	-9.000000
21.823976	-102.923002	13.500000	-8.250000
21.535189	-102.230830	13.500000	-7.500000
21.246402	-101.538658	13.500000	-6.750000
20.957615	-100.846486	13.500000	-6.000000
20.668828	-100.154314	13.500000	-5.250000
20.380041	-99.462142	13.500000	-4.500000
20.091254	-98.769970	13.500000	-3.750000
19.802467	-98.077798	13.500000	-3.000000
19.513680	-97.385626	13.500000	-2.250000
19.224893	-96.693454	13.500000	-1.500000
18.936106	-96.001282	13.500000	-0.750000
18.647319	-95.309110	13.500000	0.000000
18.358532	-94.616938	13.500000	0.750000
18.069745	-93.924766	13.500000	1.500000
17.780958	-93.232594	13.500000	2.250000
17.492171	-92.540422	13.500000	3.000000
17.203384	-91.848250	13.500000	3.750000
16.914597	-91.156078	13.500000	4.500000
16.625810	-90.463906	13.500000	5.250000
16.337023	-89.771734	13.500000	6.000000
16.048236	-89.079562	13.500000	6.750000
15.759449	-88.387390	13.500000	7.500000
15.470662	-87.695218	13.500000	8.250000
15.181875	-87.003046	13.500000	9.000000
14.893088	-86.310874	13.500000	9.750000
14.604301	-85.618702	13.500000	10.500000
14.315514	-84.926530	13.500000	11.250000
14.026727	-84.234358	13.500000	12.000000
13.737940	-83.542186	13.500000	12.750000
13.449153	-82.850014	13.500000	13.500000
13.160366	-82.157842	13.500000	14.250000
12.871579	-81.465670	13.500000	15.000000
12.582792	-80.773498	13.500000	15.750000
12.294005	-80.081326	13.500000	16.500000
12.005218	-79.389154	13.500000	17.250000
11.716431	-78.696982	13.500000	18.000000
11.427644	-78.004810	13.500000	18.750000
24.537657	-107.479419	14.250000	-13.500000
24.248870	-106.787247	14.250000	-12.750000
23.960083	-106.095075	14.250000	-12.000000
23.671296	-105.402903	14.250000	-11.250000
23.382509	-104.710731	14.250000	-10.500000
23.093722	-104.018559	14.250000	-9.750000
22.804935	-103.326387	14.250000	-9.000000
22.516148	-102.634215	14.250000	-8.250000
22.227361	-101.942043	14.250000	-7.500000
21.938574	-101.249871	14.250000	-6.750000
21.649787	-100.557699	14.250000	-6.000000
21.361000	-99.865527	14.250000	-5.250000
21.072213	-99.173355	14.250000	-4.500000
20.783426	-98.481183	14.250000	-3.750000
20.494639	-97.789011	14.250000	-3.000000
20.205852	-97.096839	14.250000	-2.250000
19.917065	-96.404667	14.250000	-1.500000
19.628278	-95.712495	14.250000	-0.750000
19.339491	-95.020323	14.250000	0.000000
19.050704	-94.328151	14.250000	0.750000
18.761917	-93.635979	14.250000	1.500000
18.473130	-92.943807	14.250000	2.250000
18.184343	-92.251635	14.250000	3.000000
17.895556	-91.559463	14.250000	3.750000
17.606769	-90.867291	14.250000	4.500000
17.317982	-90.175119	14.250000	5.250000
17.029195	-89.482947	14.250000	6.000000
16.740408	-88.790775	14.250000	6.750000
16.451621	-88.098603	14.250000	7.500000
16.162834	-87.406431	14.250000	8.250000
15.874047	-86.714259	14.250000	9.000000
15.585260	-86.022087	14.250000	9.750000
15.296473	-85.329915	14.250000	10.500000
15.007686	-84.637743	14.250000	11.250000
14.718899	-83.945571	14.250000	12.000000
14.430112	-83.253399	14.250000	12.750000
14.141325	-82.561227	14.250000	13.500000
13.852538	-81.869055	14.250000	14.250000
13.563751	-81.176883	14.250000	15.000000
13.274964	-80.484711	14.250000	15.750000
12.986177	-79.792539	14.250000	16.500000
12.697390	-79.100367	14.250000	17.250000
12.408603	-78.408195	14.250000	18.000000
12.119816	-77.716023	14.250000	18.750000
23.497107	-103.037600	15.000000	-9.000000
23.208320	-102.345428	15.000000	-8.250000
22.919533	-101.653256	15.000000	-7.500000
22.630746	-100.961084	15.000000	-6.750000
22.341959	-100.268912	15.000000	-6.000000
22.053172	-99.576740	15.000000	-5.250000
21.764385	-98.884568	15.000000	-4.500000
21.475598	-98.192396	15.000000	-3.750000
21.186811	-97.500224	15.000000	-3.000000
20.898024	-96.808052	15.000000	-2.250000
20.609237	-96.115880	15.000000	-1.500000
20.320450	-95.423708	15.000000	-0.750000
20.031663	-94.731536	15.000000	0.000000
19.742876	-94.039364	15.000000	0.750000
19.454089	-93.347192	15.000000	1.500000
19.165302	-92.655020	15.000000	2.250000
18.876515	-91.962848	15.000000	3.000000
18.587728	-91.270676	15.000000	3.750000
18.298941	-90.578504	15.000000	4.500000
18.010154	-89.886332	15.000000	5.250000
17.721367	-89.194160	15.000000	6.000000
17.432580	-88.501988	15.000000	6.750000
17.143793	-87.809816	15.000000	7.500000
16.855006	-87.117644	15.000000	8.250000
16.566219	-86.425472	15.000000	9.000000
16.277432	-85.733300	15.000000	9.750000
15.988645	-85.041128	15.000000	10.500000
15.699858	-84.348956	15.000000	11.250000
15.411071	-83.656784	15.000000	12.000000
15.122284	-82.964612	15.000000	12.750000
14.833497	-82.272440	15.000000	13.500000
14.544710	-81.580268	15.000000	14.250000
14.255923	-80.888096	15.000000	15.000000
13.967136	-80.195924	15.000000	15.750000
13.678349	-79.503752	15.000000	16.500000
13.389562	-78.811580	15.000000	17.250000
13.100775	-78.119408	15.000000	18.000000
12.811988	-77.427236	15.000000	18.750000
22.456557	-98.595781	15.750000	-4.500000
22.167770	-97.903609	15.750000	-3.750000
21.878983	-97.211437	15.750000	-3.000000
21.590196	-96.519265	15.750000	-2.250000
21.301409	-95.827093	15.750000	-1.500000
21.012622	-95.134921	15.750000	-0.750000
20.723835	-94.442749	15.750000	0.000000
20.435048	-93.750577	15.750000	0.750000
20.146261	-93.058405	15.750000	1.500000
19.857474	-92.366233	15.750000	2.250000
19.568687	-91.674061	15.750000	3.000000
19.279900	-90.981889	15.750000	3.750000
18.991113	-90.289717	15.750000	4.500000
18.702326	-89.597545	15.750000	5.250000
18.413539	-88.905373	15.750000	6.000000
18.124752	-88.213201	15.750000	6.750000
17.835965	-87.521029	15.750000	7.500000
17.547178	-86.828857	15.750000	8.250000
17.258391	-86.136685	15.750000	9.000000
16.969604	-85.444513	15.750000	9.750000
16.680817	-84.752341	15.750000	10.500000
16.392030	-84.060169	15.750000	11.250000
16.103243	-83.367997	15.750000	12.000000
15.814456	-82.675825	15.750000	12.750000
15.525669	-81.983653	15.750000	13.500000
15.236882	-81.291481	15.750000	14.250000
14.948095	-80.599309	15.750000	15.000000
14.659308	-79.907137	15.750000	15.750000
14.370521	-79.214965	15.750000	16.500000
14.081734	-78.522793	15.750000	17.250000
13.792947	-77.830621	15.750000	18.000000
13.504160	-77.138449	15.750000	18.750000
21.704794	-94.846134	16.500000	-0.750000
21.416007	-94.153962	16.500000	0.000000
21.127220	-93.461790	16.500000	0.750000
20.838433	-92.769618	16.500000	1.500000
20.549646	-92.077446	16.500000	2.250000
20.260859	-91.385274	16.500000	3.000000
19.972072	-90.693102	16.500000	3.750000
19.683285	-90.000930	16.500000	4.500000
19.394498	-89.308758	16.500000	5.250000
19.105711	-88.616586	16.500000	6.000000
18.816924	-87.924414	16.500000	6.750000
18.528137	-87.232242	16.500000	7.500000
18.239350	-86.540070	16.500000	8.250000
17.950563	-85.847898	16.500000	9.000000
17.661776	-85.155726	16.500000	9.750000
17.372989	-84.463554	16.500000	10.500000
17.084202	-83.771382	16.500000	11.250000
16.795415	-83.079210	16.500000	12.000000
16.506628	-82.387038	16.500000	12.750000
16.217841	-81.694866	16.500000	13.500000
15.929054	-81.002694	16.500000	14.250000
15.640267	-80.310522	16.500000	15.000000
15.351480	-79.618350	16.500000	15.750000
15.062693	-78.926178	16.500000	16.500000
14.773906	-78.234006	16.500000	17.250000
14.485119	-77.541834	16.500000	18.000000
14.196332	-76.849662	16.500000	18.750000
13.907545	-76.157490	16.500000	19.500000
20.664244	-90.404315	17.250000	3.750000
20.375457	-89.712143	17.250000	4.500000
20.086670	-89.019971	17.250000	5.250000
19.797883	-88.327799	17.250000	6.000000
19.509096	-87.635627	17.250000	6.750000
19.220309	-86.943455	17.250000	7.500000
18.931522	-86.251283	17.250000	8.250000
18.642735	-85.559111	17.250000	9.000000
18.353948	-84.866939	17.250000	9.750000
18.065161	-84.174767	17.250000	10.500000
17.776374	-83.482595	17.250000	11.250000
17.487587	-82.790423	17.250000	12.000000
17.198800	-82.098251	17.250000	12.750000
16.910013	-81.406079	17.250000	13.500000
16.621226	-80.713907	17.250000	14.250000
16.332439	-80.021735	17.250000	15.000000
16.043652	-79.329563	17.250000	15.750000
15.754865	-78.637391	17.250000	16.500000